page,date,tags,questions,questions_add,answers,N_answer,url,category
9,2018.09.14,[],한국좀비영화인데잘생긴남자가나오고 공장으로가기위해서준비하는데 되게여유롭고 이미좀비세상이되었지만 백신이개발된이야기이고 어떤미녀좀비가 쓰러지고 사랑에바지는건데 이거 좀비영화 제목좀...,,"[""옴니버스영화\n'인류멸망보고서' 두번째이야기 <멋진신세계> 인 것 같네요^^\n\n\n\n\n\n\n\n\n\n\n\n\n\n\n인류멸망보고서\n출연 류승범,송새벽,김강우,송영창,김규리,고준희,진지희\n감독 김지운,임필성\n개봉 2011. 대한민국"", ' 외국영화중에 웜바디스 라고 있어요 한국영화는 아닌데 비슷해서 \n잘생긴 남자 나오고~ 이미 좀비세상이고 백신보다는 자연치류인데.. \n사람과 좀비가 사랑에 빠지는데 완전 재미있어요 \n\n\n\n\n\n웜 바디스 (Warm Bodies, 2013)\n네티즌\n8.52(12,066)\n기자·평론가\n6.55(5)\n평점주기\n개요\n코미디, 공포2013.03.14 개봉96분미국15세 관람가\n감독\n조나단 레빈\n관객수\n1,169,839명\n내용\n이름도, 나이도, 자신이 누구였는지 전혀 기억하지 못하는 좀비 ‘R... 줄거리더보기\n관련정보\n원작소설, 명대사 보기\n부가정보\n공식사이트', ""아마 그 영화 제목이 '신촌좀비만화' 중에서 <너를 봤어> 인 것 같습니다. 본 지 꽤 오래되서 기억이 잘 안나지만 영화 줄거리 내용이 알 수 없는 이유로 세상에 좀비가 생겨나서 좀비 세상으로 변해버렸지만 백신(치료제)이 개발되어서 치료된 좀비들과 인간이 함께 공존한다는 세계관이고 공장 이야기가 나오는 것과 '어떤 미녀 좀비가 쓰러지고 사랑에 빠졌다'는 것을 보니까 생각난건데 공장에서 작업반장인 주인공과 같이 일하는 여자 좀비가 과로로 쓰러져서 주인공이 어쩔 수 없이 그 여자 좀비에게 찾아가게 되고 그렇게 단 둘이 마주하는 순간 주인공은 잊고 살았던 기억을 되살리게 되는 내용이 떠올랐는데 아마도 영화 제목이 '신촌좀비만화' 중 <너를 봤어> 편인 것 같습니다."", '잘생긴 사람이라면 장동건 현빈이 나오는 \n창궐이 아닐까요??']",4,https://kin.naver.com/qna/detail.naver?d1id=3&dirId=30305&docId=309972343&qb=67Cx7Iug&enc=utf8&section=kin&rank=88&search_sort=3&spq=0,"공포, 스릴러 영화"
9,2020.06.13,[],"개학연기,등교중지","아니 대체왜 개학연기 안하는거죠 그냥 코로나가 완전히없어질때까지는 연기해야되는거 아닌가요 대체 우리나라 왜 이렇게 돌아가는지 모르겟습니다 백신나와도
코로나걸리면 그사람한테 책임질것도아니잖아요 그러니까 코로나가 완전히없어질때까지 연기해야되는거 아닌가여 ㅋ","['맞아요 청와대에 청원 내세요 \n힘 내세요 화이팅', '개학연기,등교중지\n아니 대체왜 개학연기 안하는거죠 그냥 코로나가 완전히없어질때까지는 연기해야되는거 아닌가요 대체 우리나라 왜 이렇게 돌아가는지 모르겟습니다 백신나와도\n코로나걸리면 그사람한테 책임질것도아니잖아요 그러니까 코로나가 완전히없어질때까지 연기해야되는거 아닌가여 ㅋ\n네 그런데 대학입시도 있고 교육과정 운영도 있으니까 일단 조금씩 진행하고 있습니다. 힘내셔요 ', 'ㅇㅈ', '청원을 해도 보질 않아요....ㅠㅠ', '코로나 종식까지 연기는 불가능합니다 왜냐하면 코로나 종식은 예상불가입니다 만약 코로나 종식이 내년이다 그렇게 따지면 언제까지 개학연기만 할 수는 없다 그래서 교육부가 이러는 겁니다. 그리고 9월 학기제는 예산이 막대하게 들 뿐더러 학사일정 시험일정 수능, 내신...등등 다 새로 정해야 해서 좀 복잡해집니다. 아무튼 힘내세요!!!', '에이 무슨소리요 \n세계에 우리나라 방역이 이만큼 됬다! 는걸 알려야죠 ㅋㅋㅋ \n자랑스런 K방역!   존경합니다! \n세계는 지금 개학도 못했겠죠? 하지만 저희는 완벽한 정부의 K방역으로 학생들이 개학을 하고 있습니다! 훌륭한 코로나 대처덕분에 친구들을 일찍 봐서 너무 행복합니다!~ ㅋㅋ', ""고등학교 2학년 학생입니다.\n제가 보기에도 코로나 바이러스와 같은 전염 가능성이 높은 바이러스가\n전국 단위로 발생했을 경우에는 등교 중지를 하는 것이 바람직하다고 생각합니다.\n사실 전염성이 있는 바이러스 중에서는 치사율이 높은 바이러스 보다는,\n코로나 바이러스처럼 모호한 수준의 치사율을 가진 바이러스가 가장 위험한 바이러스입니다.\n치사율이 높은 바이러스의 경우에는 그 바이러스가 전염성을 지니고 있다고 하더라도\n높은 치사율로 인해 바이러스 전파가 원활하지 못하기 때문에, 비교적 전파성은 낮습니다만.\n코로나 바이러스와 같은 모호한 수준의 치사율과 높은 수준의\n전파율을 가진 바이러스의 경우에는 국내 1월부터 유행하기 시작한 코로나 바이러스가\n6월 중순인 현재까지도 지속되고 있는 것 처럼.\n비교적 낮은 치사율은 가진 바이러스는 오랜 기간 동안 전파가 수월해지며,\n사태가 지속되면 지속될수록 변이가 쉽기 때문에\n돌연변이와 같은 변이가 발생하거나,\n기존에 개발하였던 백신의 효과가 영향을 미치지 않는\n다른 개체의 바이러스가 만들어질 수도 있습니다.\n백신을 개발하였다고 하더라도 효과가 듣지 않는 경우도 있을 것이며,\n이로 인해서 다른 종류의 백신을 개발하여야 한다는 일이 발생한다는 것이죠.\n변이된 바이러스가 많을 수록 서로 다른 백신을 만들어야 하기 때문에,\n바이러스가 지속되면 지속될수록 악순환의 반복입니다.\n사실 코로나 바이러스 관련 기사 댓글을 보면\nK방역의 위상을 알리기 위해서 꾸준히 확진자가 발생하고 있음에도 불구하고,\n일부러 전국적으로 개학을 감행하고 있다는 내용의 댓글이 상당 수가 보입니다만.\n제가 느끼기에도, 대한민국 정부는 K방역의 위상을 알리기 위해\n국민을 돌고래 쇼의 돌고래로 삼아 전 세계를 대상으로\n돌고래 쇼를 보여주려는 것이나 다름 없다고 생각합니다.\n(*사실 돌고래는 보호 받아야 마땅한 종이지만, 돌고래 쇼를 위해\n돌고래들에게 강제적으로 원치 않는 훈련을 시키는 경우가 다반사입니다.\n원치 않는 것을 강요하면서 정작 남에게 그것을 보여주기 위해 시키는 것이죠.)\n물론, 등교를 아예 안할 수 없다는 것은 압니다만.\n코로나 종식이 눈 앞에 보이는 상황도 아니고, 오히려 지금처럼\n아직도 활발하게 진행 중일 때 무리하게 등교를 감행하는 것은 아니라고 생각합니다.\n인터넷을 돌아다니다 보면 '고3들은 어떻게 생각하냐'라거나,\n'맞벌이 가정도 좀 생각해줘라'라는 식으로 말씀을 많이 하십니다만.\n무엇이 되든 생명/건강 보장이 1순위가 되어야지\n편의가 1순위가 되어야 한다는 것은 뭐랄까 생각이 부족한 사람이라고 판단됩니다.\n생명과 건강이 보장되어야 편의를 누릴 수 있는게 당연한 것인데\n생명과 건강을 버리고 편의를 얻고자 하는 것은\n약간 모순된 느낌이 없지 않아 있습니다.\n그리고 무엇보다 고3 학생 분들의 경우에는 개학하기 이전,\n애초부터 정부에서는 더 이상 개학 연기를 할 생각이 없다고 판단하였기 때문에\n입시에 대한 대책을 마련하지 않은 것으로 생각됩니다만.\n만약에 추가적으로 연기를 하였을 경우에는 대책을 마련하였을 것이라고 생각됩니다.\n물론, 이 시점에서 제가 느끼기엔 정부는 고3의 입시가\n자기들한텐 중요한 사안도 아닐 뿐더러 오히려 추가적으로 연기를 반복한다면\n그에 따른 대책을 계속 준비해야 하고, 결과적으론 정부의 부담만 더 커지기 때문에\n자기들이 고생할 바에는 차라리 '니들이 알아서 책임져'라는 식으로\n개학을 감행하지 않았나 싶습니다.\n(*사실 저는 '생활 속 거리두기'로 지침을 바꿨을 때 부터,\n더 이상 연기는 하지 않고 곧 개학을 할 것이라 생각했습니다.)\n마지막으로 맞벌이 부모의 경우에는 개인적인 견해로는\n오히려 부모의 자격이 없다고 생각되네요.\n부모라는 타이틀이 주어질 경우에는 자녀의 책임은 모두 부모의 몫입니다.\n내 아이를 지켜주고 더 안전하게 생활하게끔 마련하지도 않아놓고선,\n맞벌이 하느라 힘들다는 이유로 개학을 하교 등교를 보내자니요?\n저도 아직 고등학생이기 때문에 아이를 가져 본 적이 없어\n부모의 입장에서는 공감이 되지 않을 수도 있고,\n제가 잘못된 생각을 하고 있을 수도 있겠습니다만.\n적어도 맞벌이가 힘들다고 현 시국에 자녀를 등교시키자는 것은\n자녀를 가족이라기 보다는 걸림돌이로 보고 계시진 않은가 싶네요.\n=========\n좀 주절 주절 이야기를 많이 늘어놓았는데,\n제 개인적인 생각은 이렇습니다.\n틀린 내용도 있을 것이고, 맞는 얘기도 있겠죠.\n제 생각을 표출한 글이기 때문에 따로 정답은 없다고 생각합니다.\n하지만, 적어도 이 시점에서 등교를 개학하는 것은 오답이 아닐까 싶네요.\n요즘 날씨가 많이 더워져, 등교할 때면 마스크는 땀에 축축해져\n마스크 보다는 행주를 얼굴에 쓰고 있는 느낌입니다.\n에어컨은 학교에서 틀어주긴 합니다만,\n문을 다 열어놓기 때문에 에어컨 바람이 나오는 곳에 앉아 있는 학생들 빼고는\n사실상 트나 마나죠.\n때문에 답답함과 더움으로 인해 학교에서는 항상 두통에 시달리며\n집에 도착하고 나서야 두통이 가라앉는 편입니다.\n이 밖에도 불만 사항은 더 많습니다만.\n이곳에 늘어놓아도 바뀌는 것은 없을 것이라 생각됩니다.\n가능하다면 계속 온라인 등교를 지속하고 싶네요.\n온라인 수업을 하면 수업을 안듣는 학생이 있다고들 하시는데,\n평소에 등교 개학을 할 때에는 학생들 간의 격차가 존재하지 않았는지요?\n등교 수업이던, 오프라인 수업이던\n잘 듣는 학생은 잘 듣고, 안 듣는 학생은 뭘 해도 안듣습니다.\n적어도 이 글을 통해 사람들의 생각이 조금은 바뀌었으면 하네요."", 'ㅇㅈ', 'ㅇㅈㅇㅈㅇㅈ \n채택좀용~ ㅎㅎ', '근데 가을되면 더 심해져요\n차라리 지금 조금만 다니고\n가을에 안 다니는게 나아서 그래요\n이 나라는 전쟁이 나도 학교 일수 채우는 나라인데\n목숨따위 바라보지 않죠..', ""코로나가 언제 없어질지는 아무도 모릅니다. 아예 안 없어질 수도 있는 거에요.\n그냥 백신이 나오면 우리가 지금 독감에 대처하듯이 '안정화'를 시킬 수 있는 거지, 완전한 종식은 기대하기 힘들 수도 있어요. \n개학 연기가 뭐 그렇게 쉬운 일도 아니구요.\n저도 고등학생이라 다 이해는 하지만 어쩔 수 없이 현실과의 타협이 필요해 보이네요"", '법정 수업 일수 때문 아닐까요?', '3월달부터주장해온9월학기제? 그때보다 심해지면 심해졌지 지금이 그때보다 코로나가 진전되기나 했나요? 그사람들 말대로 9월학기제 했다고하면 6개월동안 학교안갔을텐데 참 의미 없는짓을 했던거겠죠 ㅋㅋ 고등학교에 재학중인학생이지만, 등교수업이후 계속 학교다니면서 마스크 껴도 불편한점은 딱히 못느꼈습니다. 전세계가 같은상황인데 노력해서 나아갈생각을해야죠 언제 끝날지도 모르는 개학연기를 한다고 상황이 나아지나요?', '교사들 하고 교육부 직원 들의 먹고 살 문제가 가장 클거에요 솔직이 이제는 인터넷으로 공부 해도 되는 시대가 왔지만 그들의 능력의로 다른 할일이 없으니 저항이 심할거에요']",14,https://kin.naver.com/qna/detail.naver?d1id=11&dirId=110407&docId=359605133&qb=67Cx7Iug&enc=utf8&section=kin&rank=87&search_sort=3&spq=0,학교생활
9,2020.08.03,[],러시아가 8월 1일부터 3개 국가랑 국경을 연다고 하는데 영국하고 탄자니아하고 터키랑 연다도 하네요. 그리고 빠른 내에 한국하고도 연다고 하네요. 근데 러시아가 하루 신규 확진자가 5~6천명이 나오는데 사실 더 많이 나오는 것 같기도 하는데 보도에 나오지 않아서 모르겠네요. 러시아로 가는 비행기가 아에로플로트만 들어온다고 하네요. 아에로플로트에 전화해보니까 러시아에 8월 2일날 비행기가 인천에서 모스크바 가는 비행이 있다고 하네요. 그런데 도착해서 입국이 가능할지 모르겠네요. 학생 비자도 안 만들어준다고 하네요. 솔직히 거기 가서 코로나 걸릴까봐 두렵기도 하네요. 근데 러시아만 다 권칞다고 하네요. 솔직히 믿기지 않아요. 한국은 러시아와 국경 열고 싶어 하나요? 러시아와 국경을 얼면 2차 감염 우려에 무섭네요.,,['최근에 러시아에서 백신 개발을 했다는 발표를 보면 알수 있듯이\n개발한 백신에 대해 안전하다는걸 증명할려는 일부의 행동으로 볼수 있씁니다'],1,https://kin.naver.com/qna/detail.naver?d1id=6&dirId=60502&docId=364292318&qb=67Cx7Iug&enc=utf8&section=kin&rank=86&search_sort=3&spq=0,"국제분쟁, 국제정세"
9,2020.08.09,[],코로나 장기화 종식기간,"코로나는 내년까지 장기화가 되나요? 종식 발언은 내년에 발언 하나요?

만약 어느 한 지역에 코로나 확진자가 없다면 그 지역은 마스크를 벗고 다니나요?
현재 거리두기 단계는 몇 단계인가요?","['https://penguinworld9.tistory.com/205\n코로나19 팬데믹(대유행), 종식, 전망은?\n신종 코로나바이러스(코로나19)가 한국은 물론 전 세계로 확산되고 있다. 한국에서는 이미 코로나19 확진자 수 가 천명을 넘어섰다. 1월부터 시작된 환진자 발생은 31번째 확진자를 중심으로 크게 증가하여, 하루..\npenguinworld9.tistory.com\nhttps://penguinworld9.tistory.com/236\n인간은 코로나19를 극복할 수 있을까? -자연소멸, 정착, 백신개발 전망-\n코로나19 발병 및 전 세계 확산 중국 우한에서 시작된 코로나19는 현재 전 세계 대부분의 국가로 확산되고 있다. 발병 초기에는 아시아를 중심으로 퍼져나가는 양상이었지만, 현 단계에서는 어느 국가도 코로나19..\npenguinworld9.tistory.com', ""네. 현재 모더나, 화이자에서 백신의 3상 시험 중이라지만 잘 되도 이번 년도 말에나 시험이 끝나고 내년 중순은 되어야 양산이 시작되므로 내년까지 장기화 되는 것은 피할 수 없고 잘 안되면 내년에도 내내 코로나 종식과 관련된 어떠한 말도 꺼낼 수 없게 되므로 내년까지 넘어서 장기화 될 듯 합니다.\n그러므로 종식 발언은 백신 개발 상황과 감염자 및 완치자 수에 따라서 내년에 할 수도 있겠지만 완전한 종식은 내년에도 어려울 듯 합니다.\n코로나 확진자가 없는 지역이라면 안심하고 마스크를 벗을 수는 있겠으나 외부에서 코로나 무증상 감염자가 올 수도 있고 그로 인해 다시 재발할 수도 있으므로 완전히 종식된 지 좀 지나지 않는 이상 안심할 수 없을 듯 합니다.\n8월 9일의 거리두기 단계는 1단계입니다.\n<출처>\n1) “'연내 목표' 백신, 최종문턱 남았다…모더나·화이자, 3상 돌입(종합)”, 연합뉴스, 2020년 7월 28일 편집, 2020년 8월 17일 접속, http://yna.kr/AKR20200727167151072""]",2,https://kin.naver.com/qna/detail.naver?d1id=7&dirId=70402&docId=364817932&qb=67Cx7Iug&enc=utf8&section=kin&rank=85&search_sort=3&spq=0,의약외품
9,2020.08.11,[],"건양대학교 임상병리학과, 임상의약학과","건양 임상병리학과, 임상의약학과

두 학과의 차이점은 뭔가요? 홈페이지 들어가서 봤는데에도 차이점을 모르겠어요","['건양대 임상병리학과\n건양대 임상의약학과\n취업분야나 교육과정이 다릅니다.', '임상의약학과와 임상병리학과는 학과 명칭은 비슷하지만 하는 일은 전혀 다릅니다. 간략히 들여다 보면,\n우선, 임상병리학과는 병리학을 다룹니다. 주로 채혈과 함께 혈액분석, 미생물(바이러스 포함) 배양을 통한 검체분석 등의 일을 합니다. 병원에 가면 채혈실이 있을 것입니다. 주로 그곳에서 근무를  많이 합니다. 그러다 보니 앞서 답변을 하신 분의 말대로 생물학, 미생물학, 혈액학 등을 중점으로 공부하게 됩니다.\n임상의약은 요즘 COVID-19 백신과 치료제 개발로 가장 많이 회자되고 있는 분야입니다. 의약품이 합성되면 1차적으로 동물실험과 함께 독성테스트를 거치게 됩니다. 이런 분야를 전임상 혹은 비임상 단계라고 합니다. 그리고 이 단계를 통과하면 그 다음부터 환자나 일반인을 대상으로 약물의 효능과 독성, 부작용 등을 테스트하는 임상단계를 거치게 됩니다. 임상단계는 약물 시판에 앞서 보통 4단계가지 가며, 이 임상 단계를 거쳐야 비로서 백신이나 치료 약물로 인정 받아 시판을 할 수 있게 됩니다. 이 단게에서 임상연구(혹은 시험)에 종사하는 전문인력을 양성하는 학과가 바로 임상의약학과입니다. 교육과정은 임상병리와는 달리, 화학, 생물학, 약물학, 약동학 등과같은 의약분야와 임상시험 데이타분석, 법규 등의 직무 영역을 학습하게 됩니다.\n두 학과 모두 문과보다 이과 출신의 학생, 특히 화학과 생명과학을 공부한 학생들에게 적극 추천하고 싶습니다.\n ']",2,https://kin.naver.com/qna/detail.naver?d1id=11&dirId=11050403&docId=364968192&qb=67Cx7Iug&enc=utf8&section=kin&rank=84&search_sort=3&spq=0,자연과학대학
9,2020.08.12,"['의학기술', '러시아', '코로나', '코로나백신', '의술']",러시아 의학기술(백신),"최근 러시아에서 코로나 백신을 만들었다고 했는데 우리나라에는 언제 수출되나요? 믿을수 있는겁니까?
그리고 미국 러시아 의학기술이 어느정도 인지 알려주세요 백신을 만들정도면 뛰어난것 같긴한데 제대로 알고 싶습니다","['현재 러시아에서만 일단 진행 한다 합니다\n(수출은 아직 안정해지)\n믿긴 어려울수 있습니다 1상만 통과되고\n2.3 상은 건너뛰고 출시했다니...\n<러시아 코로나 백신 개발 성공> 세계최초 코로나 백신 개발 (러시아 백신 관련주)\n러시아 백신 코로나 백신 (러시아) _ 러시아가 세계 최초로 코로나19 백신 개발에 성공해 백신 등록을 마쳤다고 발표했다. 블라디미르 푸틴 러시아 대통령은 오늘 원격 내각회의에서 ""오늘 아침 세계에서 처음으..\ndingdo.tistory.com', ""현재 3차 임상시험은 하지 않은 상태이며 2차 또한 데이타를 공개하고 있지 않다고 합니다.\n상세한 글은 아래를 참고 해주세요.\n러시아 백신 효과 어느정도일까?\n오늘은 상상만해도 행복한 소식을 전해드리게 되었습니다. 그건 바로 '러시아 백신' 인데요. 현재 코로나 사태를 끄탠기 위해 전세계적으로 백신개발을 경쟁적으로 하고 있습니다. 그 중에서 러시아가 현지시간으..\npomotas.com"", '아직은 시기상조입니다.\n러시아 당국은 3차 임상시험에 통과하지 못했고\n코로나19 백신 1상과 2상에 대한 결과 데이터를 공개하지 않았으며\n세계보건기구 (WHO)는 러시아가 개발한 코로나19 \n백신을 1상 단계로 분류하고 있습니다.\n-한줄요약-\n불곰국 설레발\n푸틴의 러시아 세계 최초 코로나19 백신 개발 성공? (+시기상조)\n코로나19로 전세계적으로 비상인 가운데 러시아에서 세계 최로 신종 코로나 바이러스(코로나19) 백신 개발에 성공해 공식 등록되었다고 밝혔습니다. 로이터와 AP통신에 따르면 ""블라디미르 푸틴 대통령은 이날 원..\nclantown1733.tistory.com', '아직은 시기상조입니다~ 최소 내년은 되야 상용화될겁니다~\n의학기술은 우리와 비슷합니다.\n러시아 코로나 백신 치료제 효과 안정성(+관련주)\n러시아가 세계 최초로 등록한 신종 코로나바이러스 감염증(코로나19) 백신에 대해 미국과 유럽 등 서방의 전문가들이 우려를 쏟아내고 있습니다. 임상 시험의 마지막 단계인 3상이 생략됐고..\nspeedsalgoo.tistory.com', '코로나백신을 개발을 했지마는 임상실험을 철저히 거치지 것은 아닙니다.']",5,https://kin.naver.com/qna/detail.naver?d1id=6&dirId=60502&docId=365028933&qb=67Cx7Iug&enc=utf8&section=kin&rank=83&search_sort=3&spq=0,"국제분쟁, 국제정세"
9,2020.08.12,[],마인크래프트 서버 질문,"마크 서버 만들때 용량을 2기가로 하면 몇명정도 들어올 수 있고
메모리가 총 8G일때 몇기가가 렉이 안걸리고 몇명 정도 들어올 수 있나요?
그리고 메모리 4.1G가 차있긴 한데 메모리 용량 늘리는 법도 부탁해요","['1. 2기가로 하면 몇명정도\n실제 서버는 메모리보다는 CPU성능이 좋아야 합니다.\n얼마든지 들어올 순 있습니다.\n다만 서버가 급격히 불안정해지는 200명의 장벽이 있습니다.\n이제 많은 사람이 들어오면 서버의 연산속도에 지연이 발생해 ""tick 지연""이 발생하게 됩니다.\n블럭을 캐도 블럭이 깜빡거리거나, 음식은 영원히 먹거나 하는 현상이 이러한 지연으로 발생합니다.\n이 지연을 줄이려면 실질적으로 렘보다는  CPU성능을 올리셔야 합니다.\n램은 4명이 모드 260여개의 모드서버를 열어도 1기가를 체 넘지 못합니다.\n+ 렘은 많은 사람들이 넓은 곳에 퍼지면 요구량이 커집니다.\n2. 메모리가 총 8G일때 몇기가가\n윈도우 10 기준으로 숨만쉬면 2기가정도가 쓰인다고 생각하셔도 됩니다.\n반드시 필요한 양이기에 줄일 순 없습니다.\n여러가지 크롬이나 카톡, 디스코드등을 켰을때는 보통 4기가정도 유지가 됩니다.\n현재 설치된 렘은 8기가 뿐이므로 2기가, 2기가씩 할당하시면 됩니다.\n3. 메모리 4.1G가 차있긴 한데 메모리 용량 늘리는 법\n작업관리자에서 메모리순 정렬을 하시면 이렇게 리스트가 나옵니다.\n그러나 전부가 아닙니다.\n성능탭에서\n이걸 누르시면\n실제 모든 프로세스가 나옵니다.\n여기서 프로세스 트리 끝내기를 하시면, 연결된 모든 프로세스가 한번에 종료됩니다.\n(트리는 대충 어떤 프로그램이 다른 프로그램을 실행시켜서 발생하는 작업라인 입니다)\n다만 종료할 수 없는 프로그램이 있습니다.\n백신의 경우 윈도우10에 포함된 기존 윈도우 디펜더로도 충분합니다. 해당 경우는 \nhttps://antilibrary.org/2371\n윈도우즈10 Antimalware Service Executable 메모리 점유 과다 문제\nAntimalware Service Executable 프로세스가 메모리를 과다하게 점유하여 정상적인 앱실행이 어려운 경우 해결 방법입니다. Antimalware Service Executable (MsMpEng)은 Windows Defender 관련 파일입니다. 위의..\nantilibrary.org\n이방법으로 줄이시면 상용 백신만큼 줄어듭니다.\n또한 어베스트, 카스퍼스키 말고 다른 백신은 쓰지 마세요.\n알약, V3등 어중간한 백신사용은 전기세만 처먹는 잉여들이니 전혀 권장하지 않습니다.\n정말로 보안이 중요하다면 당연히 돈을 들여서 쓰셔야합니다.\n그리고 바이러스에 너무 치중하기 보다는 백업을 자주하시는게 좋습니다.\n마치, 알수없는 바이러스에 대항하여 면역력 상승시키는 것보다, 몸의 복제품을 만들어서 교체하는게 좋은것 만큼, 그렇게 하시면 됩니다.\n우측 하단에 보시면 이렇게 여러가지 메뉴가 나옵니다.\n우클릭을 끌 수 있는 프로그램도 있으니 꼭 끄셔야 합니다.\n말했다싶이 일반적인 프로그램사용으로 4기가정도 사용합니다.\n이하는 정리해봤자 다시 살아나는 놈들이니, 램을 더 구매해 확보하는것도 좋습니다.']",1,https://kin.naver.com/qna/detail.naver?d1id=2&dirId=20411&docId=365048034&qb=67Cx7Iug&enc=utf8&section=kin&rank=82&search_sort=3&spq=0,마인크래프트
9,2020.08.13,[],아이폰 캘린더에 자꾸 알람이떠요,해킹당한건지뭔지 어플깔아서 유로 백신처리하라고 자꾸 뜨는데 안뜨게하는법없나요,"['캘린더 구독을 통한 유료 앱 광고입니다\n바이러스는 거짓입니다\n설정-암호 및 계정-구독한 캘린더에서 삭제하세요', '안녕하세요. 킹콩VPN 지식IN 상담원입니다^^ \n아이폰 설정-암호 및 계정-구독한 캘린더 선택하시고 계정삭제를 눌러주세요~\n혹시 구글캘린더 연동되어 있으세요?\n아마 크롬사용하시면서 IP우회프로그램 사용하시다가 바이러스가 생기신거 같아요~\n구글캘린더 피씨로 로그인-오른쪽 상단에 톱니바퀴-설정-\n내캘린더-자동추가 메뉴-아니요 회신한 초대장만 표시 선택 하시구요~\n보기옵션에서 거절한 일정표시에 체크를 비활성화 해주세요~\n그리고 더 아래에 Gmail에 포함된 일정을 캘린더에 자동으로 추가 체크되어 있으면 꺼주세요~\n다 그런건 아니지만 무료VPN의 수익구조 자체가 광고수익이나 개인정보판매라는\n소문이 있을 정도로 보안에 취약하다고 합니다..\nVPN을 사용하신다면 안전하고 믿을 수 있는 VPN을 사용하셔야 합니다!\n실시간 상담, 빠른 피드백이 가능하고 가성비 좋은 VPN 찾으시면 저희 킹콩VPN은 어떠신가요~^^\n저희 킹콩VPN은 체계적으로 서버관리를 하고 있어 막힐 걱정없이 이용가능합니다! \n속도면에서도 AS 대처면에서도 빠른 VPN을 찾으신다면 \n킹콩VPN을 강력추천해드립니다!!!\n무료 체험가능하시니 부담없이 저희 킹콩 VPN이용해보세용~\n  킹콩VPN에 오신것을 환영합니다.\n킹콩VPN은 매우 빠른 한국서버를 제공합니다.\nkingkong1.co.kr', '설정 -> 암호 및 계정->구독한 캘린더로 들어가셔서\n삭제하실 계정에 들어가서 계정 삭제가능 합니다.\n<아이폰 캘린더 바이러스> 아이폰 캘린더 구독 삭제 (아이폰 해킹)\n아이폰 캘린더 바이러스 아이폰 캘린더 구독삭제 (아이폰 해킹) 신원을 웹에 비공개로 유지하고 지금 클릭하여 보안 유지 휴대 전화가 보호되지 않을 수 있습니다! _ 아이폰을 사용하다가 순식간에 이상한 바이러..\ndingdo.tistory.com\n위는 아이폰 캘린더 구독삭제 방법(그림안내)\n1분 해결법, 예방법 안내 입니다.', '안녕하세요 판다vpn지식인 상담사입니다\n무료 vpn을 이용했을때, \n또는 보안이 안전하지않은 사이트에 접속을 하였을 경우\n발생하는 악성광고 입니다!\n이런경우\n아이폰 설정> 암호및계정>구독한캘린더>해당캘린더삭제 \n이렇게 하시면 간단하게 해결 가능하십니다!\n무료VPN의 수익구조는 정보판매라는\n소문이 있을정도로 피해사례가 많이 있습니다!\n혹시나 지금 무료vpn을 이용하시고 계시다면 지우시는게 좋을 것 같습니다!\n저희 판다vpn은 전세계에서 한국서버 50개이상 보유 \n게임유저들의 위한 게임서버 다수보유, 각종 해외서버도 보유중입니다 ^^\n네이버에 ""판다VPN"" 를 검색해주세요', '위 이미지 처럼 캘린더 구독창이 표시되는 경우, 올바른 링크에 접근했을 때 표시되는 것인지 확인하고, 출처를 알 수 없는 캘린더 구독은 삼가하시기 바랍니다.\n해당 캘린더는 구독 형태의 스팸으로 아래와 같이 제거 가능합니다.\n참고 : https://blog.supersu.kr/security/smartphone/ios_calendar_subscription_spam_warning\n1. 설정 -> 암호 및 계정 (혹은 계정 및 암호로 표시될 수 있음)을 누릅니다.\n2. 구독한 캘린더를 누릅니다.\n3. 추가하지 않은 캘린더를 찾아 ""계정 삭제"" 를 누릅니다.']",5,https://kin.naver.com/qna/detail.naver?d1id=1&dirId=11001&docId=365159234&qb=67Cx7Iug&enc=utf8&section=kin&rank=81&search_sort=3&spq=0,해킹
8,2020.08.14,[],코로나19 백신 인체실험 윤리적 논란,"https://www.dailymail.co.uk/news/article-8607849/Top-Oxford-vaccine-scientists-ethics-row-infect-volunteers-coronavirus.html?ito=facebook_share_fbia-top#_=_

영국의 제너연구소에서 코로나19 백신 실험을 위해 코로나 인체실험 지원자를 모집했다고 밝힌 것을 두고 지원자를 고의적으로 감염시킬건지에 대한 윤리적 논란이 일어나고 있다고 하는데, 지원자도 동의를 했는데 이에 반대할 이유가 없지 않나요? 왜 윤리적 논란이 일어나는 것인가요?","['안녕하세요\n윤리적 논란에 대한 저의 개인적인 생각이니까 너무 심각하게 받아들이지 않으면 좋겠습니다 ^^\n여러가지의 경우의 수를 세세히 가정해보면 생각해 볼 것이 많은 것 같아요\n1. 지원자가 고의적 (또는 인공적)으로 의료진의 돌봄 하에 감염을 당하는 것에 대해 진정한 의미를 이해하고 있는가? \n: 지원자가 호흡기질환, 감염 분야의 의료 종사자가 아닌 이상 코로나 감염으로 인한 고통과 신체의 파괴 및 변형, 사망위험 등을 완전히 이해하고 숙지하기가 어려울 것입니다. \n질문자 분도 코로나 감염자의 인터뷰, 언론에 나오는 기자와 의사들의 설명 등만 보셨을 확률이 큽니다. 실제로 감염되어 변형된 폐와 다른 신체의 실제 사진이나 다른 증상들의 실물 을 본 적이 없을 가능성이 매우 큽니다. 실험 지원자가 아무리 자세히 설명을 듣고 각오하더라도 실제 겪을 고통의 몇 %나 상상을 할 수 있을까요?\n이런 점에서 생각해 보았을 때 부족한 이해로 동의한 피 실험자를 고통을 절실하게 이해하고 있는 의료진이 감염 시키는 것이 진정한 ""동의""라고 볼 수 있을 까요?\n당사자가 동의했다고 하여서 이 사람을 희생시킬 수 있는 상황으로 몰아가는 것이 윤리적으로 완전한 방법일까요?\n2. 지원자가 자신이 동의한 것이 무엇인지 정확히 이해하고 있는 경우에도, 이러한 사람을 희생시킬 수 있는 상황에 놓는 것입니다. 사회적 의견 수렴을 통해 이 실험을 진행한다고 하였을 때에 이 사회의 구성원들은 ""당사자의 동의 하에서는 공공선을 위해 당사자를 죽일 수 있는 일을 하여도 된다"" 라는 논리와 사고방식을 받아들인 사회가 됩니다.\n파시즘, 전체주의에서 외쳤던 구호들과 유사한 것 같지 않을까요? 당장 지금이야 그런 뜻이 아니라는 것을 모두가 알지만, 한번 이러한 선례가 생기면 앞으로의 수많은 악의적인 선동가 들이 이용하기 좋은 핑계를 주지 않을까요?\n3. 피 실험자의 동의를 얻는 과정에서 비윤리적인 상황이 생길 수 있습니다. 예를 들어 이 실험의 지원자들에게 보상금을 얼마나 주어야 할까요. 생계가 어려워 보상금을 받아 끼니를 때우는 것도 감지덕지한 사람들이 이를 위해 지원한다면, 이것은 윤리적인 동의라고 할 수 있을 까요? 아기 분유값이 모자라서 당장 급하게 지원하는 사람이 한명도 없을까요? 그런 사람들이 ""생계를 위해 지원했다"" 라고 솔직하게 말하고 실험에 참여할까요?\n그렇다면 보상금을 현실적인 생계에 도움이 전혀 되지 않을 정도로 조금 줘야할 것입니다. 아마도 교통비 정도겠지요. 이런 식으로 생각하면 이 사회에서 피 실험자에게 합당한 보상을 주지 못하게 됩니다. 목숨을 걸었는데도요.\n이런 식으로 실제 동의를 얻는 과정부터 실험 과정, 실험결과, 실험 이후 후속 조치와 피실험자에 대한 장기간 관찰등등 여러가지 과정에서 생길 논의거리를 상상해보시면 좋을 것 같습니다 ']",1,https://kin.naver.com/qna/detail.naver?d1id=11&dirId=111601&docId=365188400&qb=67Cx7Iug&enc=utf8&section=kin&rank=80&search_sort=3&spq=0,분자생물학
8,2020.08.14,[],코로나 백신 개발 성공했다고 했잖아요 언제쯤 사용하기 시작할까요?그리고 언제쯤 마스크 안끼고 다닐것 같아요,,"['백신이 성공했는지 안했는지는 지켜봐야 할 문제라서..\n1월1일에 시판이 된다고 뉴스에서 애기는 하는데..그것조차도 아직 확실한거는 아니고요\n8월,9월쯤에 의료진 대상으로 백신을 투여한다고 하는데\n돈있는 사람들은 아마 백신구해서 쓰고 있을겁니다\n효과가 있는지 없는지는 차차 언론에서 보도가 될겁니다', '백신 러시아에서 승인했지만\n저희는 언제 상용화될지 모르겠네요..곧 가을, 겨울이 오면 더 걱정입니다\n마스크 벗는날을 고대하며..\n우선 지금까지 해왔던것처럼\n우리모두 앞으로도 예방수칙 생활화하기로해요..\n마스크착용\n손씻기\n생활속거리두기\n그리고 코로나에 면역력을 키워야하는거 아시죠?\n제가 먹고있는것도 있고한데 이 사이트 몸에 좋은 제품들\n많이 판매하고 가격도 착하드라구여..\n추후 도움되시길...\n녹용이나 홍삼, 건강즙도 좋고요\n비타민, 프로폴리스, 오메가3, 미네랄, 포도당마시는 음료,\n밀크씨슬, 루테인, 쏘팔메토, 장건강을 위한 제품, \n뼈건강이나 관절건강, 뷰티를 위한 제품, 콜라겐, 눈건강 면역력증진등등\n건강식품들도 골고루 나눠져있어요\n이번에 들어갔더니 이벤트도 하네요~\n제품 구매하신분들 카카오톡 하루건강엔 친구추가하시고\n1:1 대화로 참여완료 남기시면 추첨해서 제주신화월드 숙박권을 주는 이벤트에요\n한번 체크해보세요^^\n코로나 종식되기를 바라며 가족모두 건강유의하세요\n면역력 잘 키워서 강화시키고 코로나 잘 이겨내기로해요!\n미리 예방하는게 최우선일듯합니다\n가족들에게 맞는 영양제 한번 체크해보세요~~\n국산 마스크, 손소독제도 판매하네요\nhttps://smartstore.naver.com/haruhealthy/category/a0589d1a9033474dad28429643606843?cp=1\n하루건강엔 : 네이버쇼핑 스마트스토어\n하루건강엔 여기! 건강한 매일을 위해 안전하고 정직한 제품만을 소개합니다.\nsmartstore.naver.com', '아직 임상결과가 나오지 않아 정확히는 모릅니다.\n내년 초를 바라보고 있는것 같네요^^\n답변내용이 도움되었다면 채택 부탁드립니다!\n========= 현재 특가 상품 ==========\nLG 가전 브랜드 위크 할인 행사중!! 최대 40% \n▶ https://coupa.ng/bHWMSj\n삼성 가전 브랜드 위크 할인 행사중!! 최대 40% \nhttps://coupa.ng/bHWMWL\n여름 신상 뷰티 용품 행사 기획전 81% 할인중!!\n▶https://coupa.ng/bHWM3q\n갤럭시노트20 울트라 사전예약\n▶https://coupa.ng/bHWNB4\n아이폰 시리즈 ~15% 카드 할인 이벤트\n▶https://coupa.ng/bHWNFg\n맥북 로켓 배송\n▶ https://coupa.ng/bHWNSH\nSNS에서 난리인 다이어트 음료 헐리우드 48시간 원조 클렌즈 음료! 32% 할인행사중!!\n▶https://coupa.ng/bHWNis\n뱃살 다이어트 품목 행사 할인중!!\n▶https://coupa.ng/bHWNjM\n갤럭시 버즈 플러스 BTS 에디션 한정판 출시!!!\n▶https://coupa.ng/bHWNlF\n오늘의 특가 세일 리스트 최대 50%\n▶https://coupa.ng/bHWNmu\n게이밍 컴퓨터 특집!! 할인중!!\n▶https://coupa.ng/bHWNoO\n여름 가전 특가 한눈에 보기 !!\n▶https://coupa.ng/bHWNsu\n인터넷 방송 장비 특가 한눈에보기!!\n▶https://coupa.ng/bHWNu3\n여름 향수 브랜드 전품목 최대 60% 세일중\n여자 여름 향수 특가 한눈에 보기\n▶https://coupa.ng/bHWNv4\n남자 여름향수 특가 한눈에 보기\n▶https://coupa.ng/bHWNwJ\n안마의자 최대 64% 할인 기획전\n▶https://coupa.ng/bHWN23\n게이밍 데스크탑 특가 행사중\n▶https://coupa.ng/bHWN4s\n냉장고 특가 한눈에 보기\n▶https://coupa.ng/bHWOao\n주방 가전 특가 한눈에 보기\n▶https://coupa.ng/bHWOfX\n김치냉장고 특가 한눈에 보기\n▶https://coupa.ng/bHWOnc\n=========여름 바캉스 패키지=========\n곧 여름 바캉스 시즌입니다. 미리 예약하시고 큰 혜택 보시기바랍니다. 조기 매진 주의\n전지역 프리미엄 펜션 (풀빌라) 20% 할인중 특가 한눈에 보기\n▶https://coupa.ng/bHWOt3\n제주 여행 특가 행사전 (항공권/입장권/패키지상품)\n▶https://coupa.ng/bHWOBQ\n캠핑 용품 특가 행사중!! 최대 48%\n▶https://coupa.ng/bHWODe\n낚시 용품 특가 한눈에 보기!!\n▶https://coupa.ng/bHWOEb\n파트너스 일환으로 소정의 수수료를 제공받습니다.', 'ㅡ.ㅡ;;; 마스크도 쳐 안쓰는 놈들 살려줄 필요 없지 않나,...', '아직은 시기상조입니다.\n러시아 당국은 3차 임상시험에 통과하지 못했고\n코로나19 백신 1상과 2상에 대한 결과 데이터를 공개하지 않았으며\n세계보건기구 (WHO)는 러시아가 개발한 코로나19 \n백신을 1상 단계로 분류하고 있습니다.\n-한줄요약-\n불곰국 설레발\n푸틴의 러시아 세계 최초 코로나19 백신 개발 성공? (+시기상조)\n코로나19로 전세계적으로 비상인 가운데 러시아에서 세계 최로 신종 코로나 바이러스(코로나19) 백신 개발에 성공해 공식 등록되었다고 밝혔습니다. 로이터와 AP통신에 따르면 ""블라디미르 푸틴 대통령은 이날 원..\nclantown1733.tistory.com', '백신 개발되었다고 하는데요..\nhttps://cafe.naver.com/airbnbkor/74\n중국 시노백 코로나 백신, 브라질 이...\n중국 시노백 코로나 백신, 브라질 이어 인도네시아서 3상 시험출처 : 연합뉴스 | 네이버h...\ncafe.naver.com']",6,https://kin.naver.com/qna/detail.naver?d1id=7&dirId=7010107&docId=365232795&qb=67Cx7Iug&enc=utf8&section=kin&rank=79&search_sort=3&spq=0,감염내과
8,2020.08.14,[],급합니다! 엣지 브라우저 쓰는데 어제인가 업데이트되더니 오늘 갑자기 바이러스,"저번주에 갑자기 새창이 연달아서 우두두두두 떠서...갈아엎었습니다

엣지 브라우저로 쓰고있고 어제인가 바꼈더라구요  즐겨찾기도 바뀌고

그런데 2주도 안되서 방금 또 새창이 두두두두두 뜹니다

이거 바이러스인가요?  따로 설치한게 없어서 이럴까요?

윈도우 안에 바이럿 검색하니 안전하다고 뜨는데 헐...",['matchpop 같습니다.\n삭제 방법은 일단 파일 탐색기에 들어가 창에 제어판\\프로그램\\프로그램 및 기능\n여기에 들어가셔서 m키를 누르다 보면 matchpop이 나오고 삭제하시면 됩니다. 애드웨어는 모든 백신에 걸리지 않으므로 이것 외에는 방법이 없습니다.'],1,https://kin.naver.com/qna/detail.naver?d1id=1&dirId=11002&docId=365267834&qb=67Cx7Iug&enc=utf8&section=kin&rank=78&search_sort=3&spq=0,바이러스
8,2020.08.15,"['#데이터복구', '#지식인카드', '#지식인카드']",도시바 2tb 외장하드 오류," 도시바 2tb 외장하드 산지 한달도 안됐습니다. (7월 17일)
샀을 때는 잘 되다가 2주정도 안쓰고 자료를 저장할 일이 생겨 사용하려는데

인신도 잘하고 처음 넣어던 자료(동영상 pdf 등)은 잘 열리고 외장하드에서 컴퓨터로 옮기는건 되는데

컴퓨터에서 외장하드로 넣는게 전혀 안됩니다. 계속 0%에서 멈춰있어요.
넣으려고 하면 컴퓨터 렉도 엄청 걸리구요.

 포멧을 하려고 해도 갑자기 렉 걸리면서 안됩니다. 

왜 이런건지.. 교환을 받아야 하는건지 궁금합니다. 

2tb 중 200 기가 정도 차있습니다. 1.5tb 여유있습니다. 

바이러스 걸렸나 싶어 v3 나 다른 백신 다 돌려봤는데도 깨끗하다고 나오더라구요. 

부탁드립니다. ","['pc 뒷면 USB 포트에 연결하여 전압부족 가능성을 배제합니다.\n이후 동일 문제가 반복된다면 베드섹터 점검을 해보세요\n점검시 속도가 현저히 낮거나 베드섹터가 1개라도 나온다면 AS받아 사용하셔야합니다.\n단, 중요 데이터가 있으신 상황이라면 데이터복구가 우선입니다.\n서비스센터에서는 AS에 있어 1:1 교환으로 데이터복구를 제공하여주지 않습니다.\n참고하시어 도움이 되시기 바랍니다.\n--------------------------------------------------------------------------------- \n답글을 드린 저는 현업에서 데이터복구 서비스를 하고 있습니다만 데이터복구를 의뢰해달라고 답변드리는 것이 아니라 문제점에 대한 주의 사항 안내와 기본적은 조치 방법을 안내드려 추가 손상을 막고자하는 하는 것입니다. 또한, 업체 선정시 아래 사항을 참조하여 데이터복구업체를 빙자한 사무실도 없고 무조건 출장나와서는 사전 안내도 없었던 진단비나 자재비등을 추가로 요청하는 업체들에 피해가 없으셨으면 합니다. \n1. 국내, 고객만족도 등등 최고라고 떠벌리는 업체 NO \n2. 상담시 100% 데이터복구가 가능하다고 하는 업체 NO \n3. 무조건 출장을 온다거나 퀵서비스를 보내는 업체 NO \n4. 질문에 대해 여러 가능성과 각각의 예상비용을 조목조목 설명하는업체 Yes \n5. 언제라도 예약 없이 데이터복구 사무실 내방이 가능한 업체 Yes \n6. 데이터복구 상담 및 진단 요청시 무료 진단 후 시간과 비용을 상세히 안내하는 업체 Yes \n7. 데이터복구 의뢰시 진단비 및 자재비를 없이 데이터복구 진행하는 업체 Yes \n8. 데이터복구후 복구된 파일 리스트나 원격, 내방하여 확인이 가능한 업체 Yes \n9. 데이터를 확인하고 이를 수령시에만 데이터복구 비용을 과금하는 업체 Yes \n10. 백업하드가 반듯이 필요함에도 논리적문제시 원본하드에 데이터를 담아준다는 업체 NO', '이거 해결 방법은 세가지\n인데요.\n1. 외장하드 연결시 컴퓨터 본체 뒤면에\n연결한다.\n2. usb 케이블 연결선 정품 사용 권장\n3. 컴퓨터 포맷 \n 이렇게 한번 해보세요.', '안녕하세요. SDR 관악센터입니다. \n혹시 외장하드에 충격이 가해지진 않으셨나요? \n외장하드의 경우 충격에 매우 취약해 작은 충격으로도 고장날 수 있습니다. \n구매하신지 얼마되지 않으셨기 때문에 구매처에 A/S를 해보시는 것도 방법입니다.\n정말 중요한 파일이시라면 데이터복구 센터를 방문하시는게 좋은 방법이실거 같은데요.\n또한 인증되지 않은 복구프로그램을 사용하시게 되면 여러가지 이유로 복구율을 저하시킬 수 있습니다.\n내방해주시거나 택배로 보내주시면 확인해봐드리겠습니다. 별도의 작업비는 들지 않습니다~~\n복구 가능성은 충분히 있으니 좋은결과 있으실 겁니다!!\n감사합니다! ^.^', '1. 데이터를 저장한 곳은 배드섹터가 없고 새로 저장할 공간에 배드섹터가 있을 가능성이 있습니다. \n2. 현재 상태이면 읽기는 가능하지만 쓰기가 안되는 상태일 수 있습니다. 헤드는 데이터를 쓰는 역활의 헤드가 있고 읽기를 위한 헤드가 있어요. 데이터를 읽고, 복사를 하는 것은 읽기라서 이상이 없지만 데이터를 저장하는 것은 쓰는 역할이라서 진행이 안되는 것일 수 있습니다. \n3. 다른 작업을 하지 말고 데이터를 안전한 곳에 복사를 하세요.  자료가 잘 복사되었다면 파일을 열어서 이상이 없는지 확인하고  자료가 이상이 없으면 포맷을 해 보세요. \n4. 포맷이 되면 배드섹터검사를 해 보세요.  포맷이 안되거나 배드섹터가 있다면 하드의 고장이고 A/S를 요청하세요. 포맷도 잘 되고 배드섹터도 없다면 데이터를 다시 저장해 보세요...   이상이 없다면 논리구조가 엉키거나 잠김된 상태였다가 포맷으로 풀린 것입니다. \n5. 저장매체를 오래 사용하고 데이터를 안전하게 사용하려면 관리가 필요합니다. 데이터를 저장하기 전에 배드섹터검사를 하고 주기적으로 데이터분류, 데이터백업,배드섹터검사를 해 주어야 데이터를 잃지 않고 오랫동안 안전하게 사용할 수 있습니다.\n**********************************************\n답변을 다는 것은 복구가 필요할 때 GMDATA를 이용하라는 의미는 아닙니다. 광고의 의미가 아주 없지는 않지만 답변을 참조하고 좋은 결과를 얻기 바랍니다. GMDATA는 저장매체 배드섹터검사 전문 프로그램인 GMHDDSCAN을 개발하였고 무료로 배포하고 있으며 HDD복구, 서버복구, 메모리복구, 원격데이터복구전문회사입니다.\n배드섹터검사: http://gm-data.blog.me/220461233997', '다른 외장하드 제품을 사용해보시는건 어떠실까요?\n외장하드 추천 남겨드릴게요 구매시 참고해보세요\n외장하드 가장 많이 사용하시는 1tb 기준으로 알려드릴게요\n외장하드 1tb 가격은 7만원~8만원정도 합니다. \n외장하드는 특성상 불량이 거의 없고, \n기능은 다 비슷하고 상향평준화되어서, \n그냥 가격 가장 싼거 사시는게 좋습니다. \n행사하거나 저렴하게 판매하는제품으로 구입하는게 좋은데요. \n일반적으로 외장하드 가격은 \n이렇습니다.  6.9~7.9만\n 외장하드 추천드리는 제품으로는 \n히타치 1tb 외장하드인데요. \n가격이 5만원 후반대이고, (일반보다 20프로가량 저렴한 나올수없는가격이죠 현재, 한정물량인듯합니다.) \n여기서 가격비교 쿠폰 붙으면 \n5만원대 중반까지도 살수있어서, \n최고 가성비에요. \n외장하드 1테라 최저가인\n히타치 외장하드 1TB 네이버 최저가 남겨드릴게요. \n■히타치 외장하드 1tb 네이버쇼핑 최저가 \n히타치 Hitachi Touro 500GB/1TB 외장하드(USB3.0) 우체국택배 : 타메몰\n[타메몰] 디지털 기기 전문업체입니다.(샤오미,삼성정품,LG정품,스마트폰악세사리)-(주)타메네트웍스-\nsmartstore.naver.com\n요기 가격비교 쿠폰적용해서 사려면 \n■히타치 외장하드 1tb 네이버 가격 비교\n히타치 HGST New TOURO : 네이버쇼핑\n단자 : USB3.0(USB3.2 Gen1), USB2.0부가기능 : 충격방지, 충격완화, 충격흡수, 온도보호HDD유무 : SSD없음HDD종류 : 2.5인치(6.3cm)\nsearch.shopping.naver.com\n위 클릭해서 가보시고요. \n지금 다른 외장하드 1테라 보다 2만원가량 저렴하네요.\n거기다가 바로 다음날 오는 우체국택배로 \n무료배송이어서 추천드렸어요.\n답변이 외장하드 사는데 도움되었길 바랍니다.']",5,https://kin.naver.com/qna/detail.naver?d1id=1&dirId=1010405&docId=365324810&qb=67Cx7Iug&enc=utf8&section=kin&rank=72&search_sort=3&spq=0,"외장하드, 저장장치"
8,2020.08.15,[],인터넷 팝업창 오류,컴퓨터를 키다보면 자꾸 이런 팝업창이 떠요. 네이버 백신 돌려봐서 치료(?)라는 것도 해봤는데 그대로이네요. 어떻게 해야하나요?,"['원하지 않는 페이지 생성되는 경우 악성코드/애드웨어(툴바,검색도우미)등 설치돼서 일어나는 증상입니다\n▶ 직접 삭제 원할 경우, 해결되지 않으면 다음 단계 점검 방법\n① 제어판 설치된 목록에서 날짜순 정렬 > 최근 설치된 목록 중 모르는 항목 삭제 > 재부팅\nex) 윈도우10 경로 - 제어판\\프로그램\\프로그램 및 기능\n② 제어판 목록 점검 → 제어판 설치된 목록 캡처 이미지 추가 후 질문 주세요\n③ 해당 폴더 목록 점검 → Program Files , Program Files (x86)\n④ 해당 폴더 목록 점검 → Local , LocalLow , Roaming , ProgramData\n▶ 프로그램 사용해서 삭제 원할 경우, mzk 검색(확인)후 결정하세요 (무료/가입불필요/광고없음)', '안녕하세요 판다VPN 지식IN 상담원입니다\n제한된 사이트를 우회하셔서 이용하셨나보네요~ !\n그런경우\n크롬>메뉴>설정>사이트설정>알림>허용됨>해당광고주소>삭제 하시면됩니다 ! \n무료vpn이나, https우회서비스를 이용중이시라면 해킹이나, 바이러스감염등\n심각한 피해사례가 많으니 주의하셔야합니다 \n저희 판다vpn은 전세계에서 한국서버 50개이상 보유 \n게임유저들의 위한 게임서버 다수보유, 각종 해외서버도 보유중입니다 ^^\n네이버에 ""판다VPN"" 를 검색해주세요', '안녕하세요. 킹콩VPN 지식IN 상담원입니다^^ \n아마 크롬사용하시면서 IP우회프로그램 사용하시다가\n바이러스가 생기신거 같아요~\n크롬들어가셔서 메뉴-설정-사이트설정-알림-허용됨-해당광고사이트 주소-삭제 및 재설정 눌러주세요~\nIP우회하는 방법 두가지가있습니다\nhttps 와 VPN의 차이가 IP보안성의 차이입니다~\nVPN은 데이터를 암호화하여 기존 아이피를 노출하지 않고 사용이 가능합니다\nVPN을 사용하시겠다면 소재가 확실하고 소통이 잘되는 VPN을 사용하셔야 합니다\n실시간 상담, 빠른 피드백이 가능하고 가성비 좋은 VPN 찾으시면 \n저희 킹콩VPN은 어떠신가요~^^\n저희 킹콩VPN은 체계적으로 서버관리를 하고 있어 막힐 걱정없이 이용가능합니다! \n속도면에서도 AS대처면에서도 빠른 VPN을 찾으신다면 \n킹콩VPN을 강력추천해드립니다!!!\n무료 체험가능하시니 부담없이 저희 킹콩 VPN이용해보세용~']",3,https://kin.naver.com/qna/detail.naver?d1id=1&dirId=106&docId=365319626&qb=67Cx7Iug&enc=utf8&section=kin&rank=73&search_sort=3&spq=0,인터넷
8,2020.08.15,"['한미사이언스', '한미사이언스주식', '코로나관련주', '코로나치료', '코로나치료제']",한미사이언스 코로나 관련 치료제 전망 어떤가요?,"요즘 그냥 한미사이언스 눈여겨 봤었는데 
전망이나 관련 정보 있으면 알려주세요! 

그 외에도 코로나 관련  치료제 이슈거리 있나요? ","['제약주는 사실 좀 위험한데 주식이나 투자든 모든 자세한 정보를 아는게 중요하죠\n한미사이언스 코로나 관련 치료제 정보는 \n이거 참고하세요 \nhttps://instablog.tistory.com/10\n전날 미국 뉴스기사보고 사서 상한가 간 한미사이언스, 갑자기 아니야\n오늘은 코스피 종목이 5개가 상한가를 갔는데 그중 3개가 우선주입니다. 우선주가 상한가를 가는게 잦아지면 주식시장의 끝물이라고 들었는데, 끝물이 아닌가 봅니다. 분명 주식장이 불황일 수록 우선주가 상한가..\ninstablog.tistory.com', '속지 마시길. 한국에서 코로나 바이러스 치료제 개발 가능성 0.00%\nwww.eaic.co.kr\n300백만원으로100억 만들기 운동본부 ,노빵맨,이에셋정보컨설팅\n예) gabia,가비아,도메인,domain,도메인등록\nwww.eaic.co.kr\n주식투자 성공확률을 높이는 비기\n 제1절.가장 성공할 확률을 높이는 비기\n 1. 자기자본으로 투자\n2.포토폴리오 구성\n3.무절제한 손절 금지원칙\n4. 매수 매도 쉬고의 3박자를 이용한 매매기법\n5.포토폴리오는 자금에 따라 4~10개 종목 내에서 운용한다.\n6. 이익 목표는 중요하지 않지만 승률이 아주 중요합니다\n7. 10% 이익 85번 연승을 몰빵투자해서는 불가능하지만 포트를 구성해서 하면 가능합니다\n8.주가가 요동칠때 ,사고싶을때는 사고 찝찝하면 절대 사면 않됩니다. 그리고 종목만 보지 말고\n시황관 그리고 시황을 크게 보아야 손실이 없습니다.\n9.그 시점의 테마 타이임 정책 관련 이슈를 잘 파악 분석 하면 잡주를 잡던 우량주를 잡던 수익이 납니다.그게 흑묘백묘입니다\n10.강세장 약세장을 명확히 구분하는 능력이 있어야 합니다.약세장에서는 비중 50%이상 주식보유 하면 안됩니다.\n11.장중 매매보다는 항상 종가에 충분한 연구를 하고 다음날 시초에 주문해서 사는 방법이 실수가 없습니다.그건 제가 가장 중요시 합니다.\n12.내가 산종목은 안가는데 여타 종목이 잘가는 느낌 받고 내종목이 손실이라 마구 움직이는 종목으로 옮겨 타면 현금 깡통납니다\n13. 주식 실제 사면 안오르고 보는종목은 간다? 그건 포토폴리오를 안 꾸리거나 몰빵한겁니다.\n잘 생각 바랍니다.군대갔다온 분들은 알지만 예비연대 예비사단이 있고 항상 전쟁할때 화력을 모두 한방에 공격 하지 않습니다.\n위험에 대비해 작전 참모 홍보참보 정보 참모두고 항상 적의 화력에 맞추어 전력을 분산하고 예비부대를 통해 적의 공격에 대비하고 합니다. 수만년에 걸친 전쟁의 역사를 통해 검증된방법입니다. 군대조직이 가장 주식투자와 흡사 합니다.\n왜냐구요? 주식투자는 전쟁입니다. 내가 지면 나의 목숨가도 같은 재산을 잃습니다. 전쟁의 목적은 다른 나라의 영토 그리고 재물울 뺏고 지키는 목적입니다. 주식은 자발적으로 전쟁에 참여한거나 같습니다. 그런데 소총 한자루 가지고 전쟁에 참가 하면 이길수가 없습니다.전략 정보 그리고 충분한 경험이 있어야 난관을 극복 할수가 있습니다. 누구는 주식투자는 미인선발대회라 하는데 맞는 말이지만 그건 낭만적 사고 입니다. 미인선발대회 심사 위원은 절대 손해 보지 않습니다. 남이 아름답다 생각하는 종목만 선별해서는 이기는 게임이 아닙니다.\n그럼 왜 장중에 부실주를 제외하고 우량주만 올라야 하는데 그렇지 않습니다. 기본적으로 부실주는 배제하지만 절대 가치기준으로 순서대로 오르지는 않습니다.\n14. 내가 산종목이 포토에 +10% -5% _1% -12% +13% \n이렇다하면 10% 이상 간거 팔고 아님 -12% 하락한거 손절 해도 +2%흑자 입니다.아님 이익난거 팔고 손해 본고 기다리면 평가손과 이익실현 같이 하는거고 가는 종목 보유 하고  손해본거 팔수도 있고 패가 다양 합니다,.그래서 포토폴리오가 중요 합니다.이익난 종목 팔아 또 새로운 종목 발굴해서 사고 이러다 보면 누적 흑자가 납니다.이게 바로 단타와 장투를 병행하는 유일한 방법입니다. 제가 가장 좋아 하는 매매 기법입니다.\n15.주식은 물론 언젠가는 대폭등 대폭락이 옵니다.이걸 잘 판단 해야 합니다. 1년 내내 주식을 보유하거나 일년내내 현금을 보유 할수는 없습니다.전투에서 스포츠에서 수비만 공격만 할수 없는거랑 같습니다.전략적 사고 필요합니다. 1골을 넣고 2골을 잃지말고 1골을 넣고 2골을 잃지말아야 이기는 겁니다. \n 제2절. 주식투자는 자신과의 투쟁이다\n  1) 투자자가 버려야 할 7가지 원죄 \n조급성 두려움 욕심 희망 긍지 부주의 도박 등에서 벗어나면 성공한다. \n성공하는 투자자는 이기는 태도를 갖고 있다. A에는 1, B는 2, C에는 3이라는 식으로 모든 영어 알파벳에 숫자를 넣어 계산할 때 태도(Attitude)는 100점으로 가장 높은 점수를 받는다고 한다. ‘재능이 아니라 태도가 인생을 좌우한다(Attitude, not Aptitude, decides your life)’라는 격언도 있다. \n 주식투자에서 성공하기 위해서도 올바른 태도를 갖춰야 한다. 잘못된 습관과 태도를 버리고 승리하는 태도를 익히고 실천하는 게 중요하다. 미국에서 1999년에 출판된 “주식, 언제 사고 언제 팔 것인가?(Timing the Stock Market; When to Buy, Sell, and Sell Short)”이란 책에선 ‘투자자들이 성공하기 위해 버려야 할 7가지 죄’를 제시하고 있다. \n 첫째 조급성(Impatience)이다. \n모처럼 좋은 주식을 사서 강하게 오를 때, 일반 투자자들은 대부분 참지 못하고 파는 경우가 많다. 반면 주가가 하락하고 있을 때는 고점에 비해 떨어진 것만 생각해서 충분히 떨어지기를 기다리지 못하고 도중에 매수에 나선다. 주식을 사고 싶을 때는 2~3일 기다리며 충분히 검토해야 손실을 줄일 수 있고, 주가가 오르는 우량 주식을 갖고 있을 때는 시세가 분출될 때까지 인내를 갖고 기다려야 이익을 최대화할 수 있다. \n 둘째 두려움(Fear)이다. \n두려움에는 2가지가 있다. 강하게 오르는 주식을 사야 하는 시점에서 주가가 언제 하락세로 돌아설지 몰라 매수하지 못하는 두려움과, 주가가 많이 떨어져 바닥에 가까워졌을 때 더 이상 참지 못하고 공포에 질려 주식을 헐값에 팔아버리는 두려움이 그것이다. \n 하지만 지내놓고 보면, 시장이 강할 때 오르는 종목들은 생각보다 훨씬 많이 오르는 경우가 많다. 마찬가지로 많은 투자자들이 공포에 떨며 주식을 일제히 투매에 나서면 머지않아 주가는 상승세로 돌아선다. \n두려움은 용기 있는 행동을 반복함으로써 극복할 수 있다. 강하게 오르는 종목을 사서 돈을 벌고, 투매에 나설 때 버텨 상승의 기쁨을 맛보는 일을 되풀이하면 더 이상 두려움에 떨지 않게 된다. \n 셋째 욕심(Greed)이다. \n일반 투자자들은 자신이 감당할 수 있는 것보다 훨씬 많이 주식을 사는 경우가 많다. 주가가 오르는 것을 보고 조금이라도 더 이익을 많이 내기 위한 욕심 때문이다. 하지만 ‘지금이 돈 벌 기회가 확실하다고 생각한다면 이미 다른 사람들도 그런 기회를 활용하기 위해 행동에 나섰다’고 생각하는 것이 현명하다. \n 주식투자에서 성공하려면 비 오는 날, 또는 좋은 투자기회가 찾아올 것에 대비해 현금을 남겨 놓는 것이다. 기대수익률을 처음에 생각했던 것보다 절반 이상으로 낮추면 성공 가능성은 2배 이상 높아진다. 욕심이 클수록 무리하게 되고, 무리는 대부분 손실로 연결된다. \n 넷째 희망(Hope)이다. \n희망이란 대부분 객관적인 근거 없이 자의적인 기대감으로 인해 통제를 포기한 것을 가리킨다. 희망에 의존하는 것은 행운에 매달리는 것과 같다. 행운이나 불운은 내가 통제할 수 없기 때문에, 전혀 예상할 수 없는 일에 좌우된다.\n 주가는 오르는 추세에 있을 때는 계속 오르고 하락 추세일 때는 계속 떨어지는 속성이 있다. 트렌드에 반대로 서서 하락추세에서 주가가 오르기를 기다리거나, 상승 추세에서 떨어지기를 기대하는 것은 잘못된 투자성과로 이어진다. \n 다섯째 긍지(Pride)다. \n긍지는 자신의 능력과 품성이 시장보다 우월하다고 생각하는 것이다. 과거에 주식투자에서 성공한 경험은 자칫 시장이 별거 아니고, 항상 시장을 이길 수 있다는 착각에 빠지게 할 수 있다. 투자자가 아무리 뛰어나고 똑똑해도 시장과 대결해서 이기는 것은 거의 불가능하다. 투자자가 단기적으로 시장을 이기거나, 똑똑한 투자자 집단이 상당히 오랫동안 시장보다 나을 수 있지만 모든 투자자가 영원히 시장을 이기는 것은 불가능하다. 시장이 더 똑똑하다는 것을 인정하는 겸손만이 시장의 보복에서 벗어나 성공의 열매를 딸 수 있다. \n 여섯째 부주의(Carelessness)이다. 크게 성공했거나, 받아들이기 어려울 정도의 커다란 실패를 했을 때는 행동에 조심해야 한다. 쉽게 보인 것에 대해선 그다지 진지하게 생각하지 않기 때문에 실패의 원인이 된다. 부주의는 숙제를 철저히 하지 못하도록 하고, 새로운 변수를 정확히 평가하는 것을 방해한다. 상식과 고정관점의 편견에 빠지는 부주의는 성공 투자의 가장 큰 적 중 하나다. \n 일곱째 도박(Gamble)이다. \n상당수의 투자자들은 주식투자를 도박처럼 한다. 주식투자를 해서 돈을 번 사람보다 잃은 사람이 훨씬 많은데(95대 5의 비율)도 돈을 잃은 사람은 쳐다보지도 않고 오로지 큰 돈을 번 사람들만 바라본다. 성공 투자자들은 성공확률이 높을 때만 투자하지만, 일반 투자자들은 확률을 따지지 않고 계속 배팅하기 때문에 실패한다.  강한 종목을 잡아라\n 승리자가 되려면 패배자가 하는 방식의 정반대로 하면 된다. 조급성 두려움 욕심 희망 긍지 부주의 도박 등 7가지 죄를 벗어던지면 훌륭한 성공투자자가 되는 것은 아주 쉽다. 사람이기 때문에 이런 죄를 버리기 어렵다면,  증시는 준비 없이 뛰어든 일반 투자자들을 잡아먹기 위해 기다리는 맹수들이 우글거리는 정글과 같다. 스스로를 지킬 수 있는 능력을 갖추지 못하고 주식투자에 나서 돈을 잃는 것은 남에게 하소연조차 할 수 없는 아주 어리석은 짓이다 . 위 원칙을 지키면 반드시 좋은 결과가 있다.  투자의 원칙은 어렵지 않으나 지키는건 무지 어렵다. 태도를 바꾸면 성공한다.\n 그리고 나의 가족 나의 인생을 위해 내가 왜 돈을 벌어야 하며 인생은 유한하다는걸 께닫는 다면 욕심을 버리고 정말 평온 하게 투자 할 수가 있다.\n(주식투자로100억만들기/이에셋정보컨설팅 /노빵맨/고수비기 원론   저 노진유  발췌)\nwww.eaic.co.kr 이에셋정보컨설팅 대표 노빵맨\n1111apt.modoo.at\n회원 가입 문의', '한미사이언스는 지주 회사입니다.\n한미약품 지분을 41.4% 가지고 있네요.\n그러므로 전망은 한미약품과 거의 비슷한 관점에서 보면 될 것 같습니다.\n즉, 한미약품이 성장성있고 사업전망이 쾌청할 것 같으면 한미사이언스도 그에 따라서 전망이 있는 것이지요.\n최근에 한미약품이 1조 짜리 기술수출을 해서 언론.미디어에서 많이 다뤘지요. 그런거예요. 그래서 한미사이언스가 상한가까지 갔지요. 그러나 저는 한미약품의 성장성에는 그리 크게 점수를 주지 않습니다.\n이번에 코로나 치료제 개발에 적극 뛰어들어 개발이 가시권에 들었다면 적극 추천하겠지만 그렇지를 못하고 \n이제야 개발에 뛰어들었습니다. 그리 큰 점수를 못 줄 것 같아요. \n대신에 한미사이언스는 바이오앱이라는 벤처와 손잡고 코로나백신을 개발하고 있습니다. 우수한 코로나백신을 만든다면 한미사이언스 주가에 많은 도움이 되겠지요. 하지만 백신 성공 가능성도 따져봐야 하는 것이고, 그 개발 기간도 상당히 깁니다. 임상1상에 언제 진입하는지 그런 상세한 정보는 공개하지 않고 있습니다. 올 연말에는 임상1상에 진입해야 주식시장에서 관심을 받을 것 같은데... \n ', '안녕하세요 질문자님,\n한미약품이 비알코올성 지방간염 (NASH) 치료 혁신신약을 유럽간학회에서 발표한다.\n한미약품(대표이사 권세창•우종수, 지주회사 한미사이언스)이 LAPSTriple Agonist(HM15211)의 임상 및 \n전임상 연구 결과를 유럽간학회 ILC (The International Liver Congress, 국제 간 학술대회)에서 \n발표한다고 18일 밝혔습니다. \n연구에 따르면, NAFLD을 동반한 비만 환자 66명을 대상으로\nLAPSTriple Agonist를 12주 반복 투여한 결과 \n안전성과 내약성 및 지방간 감소 효능이 확인됐습니다. \n특히 최고 용량 투여 그룹에서 투여 전 대비 지방간이 평균 81.2% 감소했으며 \n모든 환자에서 지방간이 50% 이상 감소했습니다.\n또 ‘지방간 30% 이상 감소 효과’가 저용량에서는 70% 이상 환자에서 \n고용량에서는 모든 환자에서 확인되는 등 현재 전세계에서 개발중인 \nNASH 치료 약물 중 가장 우수한 지방간 감소 효과가 입증됐습니다.\n종목을 보유 하고 있어도 -10% -20% 손실이 두려워 종목을 오래 보유 하시 힘드신가요?\n요즘은 테마주나 관련주 같이 주가가 빠르게 움직이는 종목을 자동으로\n사고 팔아주는 주식 자동매매 프로그램을 시간이 없어 주식 관리가 어려운 \n개인투자자들도 많이 활용하고 있습니다.\n아래글을 참고해 보세요\nhttps://blog.naver.com/rkel318/222015395933', 'https://www.a-ha.io/questions/40e41d54372b264ea2bb3bfeb00141d4?recBy=PK7PNS\n코로나 19 언제쯤 치료제가 나올까요? | 아하(Aha)\n의료, 코로나19 - 전세계가 코로나로 몸살을 앓고 있는데언제쯤 치료제가 발명되어 잠식될까요저를 포함 많은분들이 힘들어 하는데뉴스에 보면 내년 중반기쯤 나온다 하는데그리 오래걸리나요?답답한 심정에 의학박사님의 고견을듣고 싶습니다.\nwww.a-ha.io']",5,https://kin.naver.com/qna/detail.naver?d1id=4&dirId=40102&docId=365308480&qb=67Cx7Iug&enc=utf8&section=kin&rank=75&search_sort=3&spq=0,"주식, 증권"
8,2020.08.15,"['검색질문', '통합검색궁금증', '통합검색질문하기']",서든어택 호스트 팅김현상 도와주세요(내공100),"먼저 저는 2컴을 사용합니다
인터넷은 하나의 공유기를 2컴다 연결하여 사용중입니다
한 컴퓨터는 호스트고, 다른 컴은 호스트 안됩니다.
문제점은 2컴끼리 (2인겜 시작시)게임 시작은 가능하고
문제가 없습니다
근데 만약 다음 게임 시작할때 다른 유저가 호스트가
되는 유저가 들어와버리면 호스트 되는 제 컴퓨터가
먹통이 되면서 로딩이 안됩니다. 한 4/5차다가 멈춰요.
저는 다른 유저들과도 같이 하고싶은데, 대체 뭐가
문제인지 모르겠어요.

전문가분 계신다면 문제점과 해결방법좀
가르쳐주시면 감사하겠습니다 ㅠㅜ

잘 모르시거나 관련 없는 답변하실거면 하지말아주세요",['해당증상의 대부분은 PC의 방화벽에서 호스트에게 다른컴퓨터가 접속하는\n것을 막고 있어서 그런경우이기에 윈도우 방화벽 또는 사용하시는 백신의\n서든어택 방화벽만 풀어주시면 됩니다.\n기본적인 윈도우 방화벽 해제의 경우는\n  존재하지 않는 이미지입니다.\n 제어판에 들어가셔서 Windows 방화벽을 클릭\n  존재하지 않는 이미지입니다.\nWindows 방화벽을 통해 프로그램 또는 기능 허용을 클릭\n  존재하지 않는 이미지입니다.\n방화벽에서 Sudden Attack 앞부분 체크박스에 체크\n저처럼 한 pc에 가상윈도우까지 이용하시는분들은 Sudden Attack 오른쪽\n각각의 네트워크에도 체크를 하시면 됩니다.\n확인을 누르신후 다시 서든어택에 접속하면됩니다'],1,https://kin.naver.com/qna/detail.naver?d1id=2&dirId=20305&docId=365282780&qb=67Cx7Iug&enc=utf8&section=kin&rank=77&search_sort=3&spq=0,서든어택
8,2020.08.15,"['컴퓨터', '고등학생', '자율활동', '#코딩']",고등학생이 할 수 있는 컴퓨터 기초 언어 관련 학습,"자율 활동으로 컴퓨터 기초 언어 관련된 활동을 하고싶은ㄷ어떤 걸 해야할지 감이 잘 안와요 ㅠㅠ
꼭 언어 아니더라도 관련해서 어떤 활동을 하는게 저희 수준에서 적합할까요..?","['솔직히 참가하는 사람들의 현재 소양이 중요한거지,\n고등학생이라고 적합하고 부적합한 그런거 없습니다.\n(애당초 현재 중고등학생들 대부분이 프로그래밍 언어에 대한 소양이 적음)\n주로 권장되는건 C언어나 파이썬, 자바지만\n개인적으로 MIT App Inventor(앱 인벤터)를 추천드립니다.\n문자를 이용한 코딩이 아닌 블럭코딩이라\n초보자들도 쉽게 접근이 가능하며,\n휴대폰의 앱을 개발하는 일이라 흥미를 쉽게 끌 수 있을 것입니다.\n무엇보다도 프로그래밍 언어가 인터넷을 기반으로 이용되는 무료 프로그램이란거죠.\n또한 요즘은 앱인벤터도 책이 여러권 나와서 쓸만합니다.\n(뭐 솔직히 앱인벤터도 자바 기반인듯 하긴 합니다.)', '어떠한 프로그래밍 언어라도 보다 쉽고 재미있게 효율적으로 배우고자 하면, 먼저 프로그래머가 하는 일인 코딩 다른 말로는 프로그래밍을 제대로 배우도록 하세요.\n코딩 다른 말로는 프로그래밍을 제대로 배우고자 하면, 코딩 다른 말로는 프로그래밍을 체계적이고 전문적으로 배워 창의적인 혹은 창조적인 문제 해결 능력과 프로그래밍 능력을 갖추도록 하세요. 그러면, 나이, 성별, 학력, 전공과 상관없이 누구나 코딩 다른 말로는 프로그래밍할 수 있습니다. 그렇게 먼저 코딩 다른 말로는 프로그래밍을 배우면, 어떠한 프로그래밍 언어라도 보다 쉽고 재미있게 효율적으로 배울 수 있습니다.\nC언어나 자바는 프로그램을 만드는 일인 프로그래밍할 때 사용되는 도구로 프로그래밍 언어입니다. C언어나 자바같은 프로그래밍 언어를 배워야 프로그래밍을 배울 수 있다고 생각하십니까? C언어나 자바같은 프로그래밍 언어를 배우는 것이 프로그래밍을 배우는 것이라 생각하십니까? C언어나 자바같은 프로그래밍 언어를 배우면 프로그래밍할 수 있을 것이라 생각하십니까? 매우 잘못된 바보같은 생각입니다. C언어나 자바같은 프로그래밍 언어를 배운다고 프로그래밍할 수 없습니다. C언어나 자바같은 프로그래밍 언어를 배우는 것과 프로그래밍을 배우는 것은 별개 문제입니다.\n프로그래밍이 무엇인지 간단히 봅시다. 프로그램으로 만들고자 하는 것을 전산(컴퓨터) 분야에서는 문제라고 합니다. 그리고 프로그램은 데이터와 명령어로 구성됩니다. 그래서 문제를 풀어 프로그램으로 만들고자 한다면, 문제 관련 데이터들을 어떠한 기억장치에 어떻게 저장하고 어떻게 쓰고 읽을지를 결정하고(자료구조 설계), 어떠한 명령어들을 어떠한 순서로 몇 번씩 실행시킬지를 결정하여(알고리듬 설계), 이렇게 설계된 자료구조와 알고리듬을 C언어나 자바같은 프로그래밍 언어로 문법에 맞게 변환하여(구현) 프로그램을 만드는 일이 프로그래밍입니다.\n요약하면, 프로그래밍은 컴퓨터를 이용한 문제 해결 과정입니다. 그래서 프로그래밍을 배울 때는 체계적이고 전문적으로 배워 4차 산업 혁명 하에 살아야 하는 사람이면 반드시 갖춰야 하는 능력인 창의적인 혹은 창조적인 문제 해결 능력과 프로그래밍 능력을 갖춰야 합니다.\n이러한 데 프로그래밍할 때 사용되는 도구들인 C언어나 자바같은 프로그래밍 언어를 배운다고 저절로 창의적인 혹은 창조적인 문제 해결 능력과 프로그래밍 능력이 갖춰 지겠습니까? 그렇지 않습니다. 프로그래밍을 보다 쉽고 재미있게 효율적으로 배우고자 하면, 프로그래밍을 체계적이고 전문적으로 배우세요.\n""이렇게 하면 나도 프로그램을 잘 만들 수 있다(나프잘)"" 시리즈 책들을 참고해 보세요. 나이, 성별, 학력, 전공과 상관없이 누구나 독학으로 프로그래밍을 체계적이고 전문적으로 배워 창의적인 혹은 창조적인 문제 해결 능력과 프로그래밍 능력을 갖출 수 있습니다. 네이버 카페 ""프로그래밍을 배우자""에서 공부하는 방법도 배우고 멘토링을 활용하면, 보다 재미있고 효율적으로 프로그래밍을 배울 수 있습니다.\n컴퓨터 앞에 놓고 C언어나 자바같은 프로그래밍 언어, API 라이브러리, Visual Studio, NetBeans, Eclipse같은 언어 프로그램들 같은 개발 도구 사용법만을 가르쳐 남이 시키는 일만 남이 만든 코드를 편집하는 노가다를 양성하는 학원이면, 차라리 독학하세요. 그렇지 않고 컴퓨터 없이 문제를 풀어 개발 도구들로 프로그램을 만드는 방법을 가르쳐 프로그래머를 양성하는 학원이면, 스스로 문제를 풀어 프로그램을 만드는 일인 프로그래밍을 체계적이고 전문적으로 배워 창의적인 혹은 창조적인 문제 해결 능력을 갖출 수 있어 많은 도움이 될 것입니다. 왜냐하면, 개발 도구들로 하는 일인 프로그래밍이란 컴퓨터를 이용한 문제 해결 과정이기 때문입니다.\n프로그래밍을 공부하는 데는 공부하는 방법이 매우 중요합니다. 공부하는 방법부터 배우고 시작해 보세요. 그렇지 않지만, 우리나라에서는 대부분 C언어부터 배우고 자바를 배우라고 해서(자바부터 배워도 됩니다) C언어나 자바를 배우다 보면, C언어나 자바 책에 적힌 내용은 그럭저럭 이해되지만, 장마다 제시되는 문제를 풀어 C언어나 자바로 프로그램을 만들고자 하면, 어떻게 해야 하는지 모르겠고, 잘되지 않습니다. 그러면 답지를 구해 코드만 외우고 넘어 갑니다. 망하는 지름길입니다.\nC언어나 자바 책에 적힌 내용은 C언어나 자바의 문법이고, 장마다 제시되는 문제를 풀어 C언어나 자바로 프로그램을 만드는 일은 프로그래밍입니다. 따라서 C언어나 자바의 문법만 배운다고 프로그래밍을 할 수 있는 것은 아닙니다. 그래서 C언어나 자바의 문법을 배울 것인지 아니면 C언어나 자바로 하는 일인 프로그래밍을 배울 것인지를 먼저 명확하게 하세요. 공부하는 방법이 다르기 때문입니다. 공부하는 목표에 맞게 공부하는 방법을 배워 공부하면 보다 쉽고 재미있게 배울 수 있습니다.\n 공부하는 방법도 설명드려 보겠습니다. 참고해 보세요.\nC언어나 자바를 보다 쉽고 재미있게 배우고, 스스로 문제를 풀어 C언어나 자바로 프로그램을 만들고자 한다면, 먼저 프로그래밍을 배우세요. 문제를 풀어 프로그램을 만드는 일인 프로그래밍을 먼저 체계적이고 전문적으로 배우세요. 그래서 창의적인 혹은 창조적인 문제 해결 능력을 갖추도록 하세요. 왜냐하면, C언어나 자바로 하는 일인 프로그래밍이란 컴퓨터를 이용한 문제 해결 과정이기 때문입니다.\n위쪽 프로그래밍의 정의에 의하면, 먼저 문제를 풀어 알고리듬과 자료구조를 만드는 방법을 배우세요. 그리고 C언어나 자바로 알고리듬과 자료구조로 프로그램을 만드는 방법을 배우세요. C언어나 자바로 알고리듬과 자료구조로 프로그램을 만들 때 필요한 C언어나 자바의 문법적인 기능을 이제 C언어나 자바 책에서 찾아서 읽어 보고 적용하는 방식으로 공부하세요. 난이도를 높여 가면서 많은 문제를 풀어 프로그램을 만들다 보면, 스스로 문제를 풀어 프로그램을 만들 수 있고, C언어나 자바도 머리로 기억하는 것이 아니라 몸으로 기억되어 있을 것입니다. 그래서 숨쉬는 것처럼, 걷는 것처럼 자연스럽게 C언어나 자바로 프로그램도 만들 수 있을 것입니다.\n 알고리듬과 자료구조를 만드는 방법을 배우라고 해서 시중에 출간된 알고리듬과 자료구조 책들을 사서 이미 만들어져 책에 실린 정렬과 검색 알고리듬, 연결리스트, 트리, 그래프, 스택, 큐들을 외우지 마십시오. 정렬과 검색 알고리듬, 연결리스트, 트리, 그래프, 스택, 큐들을 만들 수 있도록 알고리듬과 자료구조를 만드는 방법을 먼저 배우라는 것입니다.\n 인터넷에서 사용되는 논리가 ""C언어를 알아야 프로그램을 만들 수 있으므로 C언어를 먼저 배우라""고 합니다. 이러한 논리가 우리나라 영어 교육이나 학습에서도 적용되었지요.  우리나라 영어 교육이나 학습은 영어의 문법부터 시작합니다. 그렇게 해서 중학교, 고등학교 심지어 대학교까지 똑같은 방식으로, 영어 문법을 외우는 방식으로 공부하게 됩니다. 그렇게 십 수년을 하지만 헤밍웨이의 유명한 소설 책 한 권 제대로 읽지 못하고, 두 세쪽 되는 에세이 하나 제대로 작성하지 못하고, 지나가는 외국인과 담소한 번 제대로 나눌 수 없지 않습니까?\n ""C언어를 알아야만 프로그램을 만들 수 있다""는 논리라면, 영어의 문법을 공부했다면, 영어 소설책도, 에세이도 회화도 가능해야 하지 않습니까? 어느 분야에서 성공하려면, 10000시간 정도 분야에 집중하면 된다는 이론이 있지 않습니까? 우리나라에서 영어 공부에서는 적용되지 않는 이유는 무엇일까요? 교육과 학습에 문제가 있다는 것입니다.\n 그래서 요사이는 영어 교육과 학습이 매우 실용적으로 바뀌고 있습니다. 문법을 암기하는 것이 아니라, 듣기와 말하기로 바뀌고 있습니다. 듣기와 말하기할 때 필요하면 문법을 공부하고 적용하는 방식으로 말입니다. 그래서 좋은 결과를 내고 있습니다.\n프로그래밍 교육과 학습도 바뀌어야 합니다. 문법위주 교육과 학습보다는 문제 해결 중심의 교육과 학습으로 바뀌어야 합니다. 프로그래밍을 공부하는 방법을 배우세요.\nC언어나 JAVA언어같은 프로그래밍 언어와 프로그래밍을 체계적이고 전문적으로 공부하는 방법도 설명드려 보겠습니다. 참고해 보세요.\n 프로그래밍은 우리가 생활하는 데 있어 부닥치는 복잡한 문제를 새로운 생각으로 풀어 프로그래밍 언어로 컴퓨터가 처리하도록 하는 프로그램을 만들어 보다 편하게 살 수 있는 세상을 만드는 일입니다. 그래서 어렵습니다. 그렇지만 내가 생각한 프로그램을 만들고 세상 사람들이 사용한다면 엄청난 성취감과 자부심을 느낄 수 있습니다.\n 이러한 프로그래밍을 하고자 한다면 다음과 같은 최소한의 능력을 갖추어야 합니다.\n(1) 문제 해결 능력\n(2) 프로그래밍 언어 구사 능력\n(3) 개발 툴 사용 능력\n 이 중에서 가장 중요한 것은 문제 해결 능력입니다. 문제를 해결할 수 없으면, 프로그래밍 언어 구사 능력도 개발 툴 사용 능력도 아무 소용이 없습니다. 문제 해결 능력은 많은 문제를 풀어 프로그램을 만들어 봄으로 해서 나만의 문제 해결 방법을 만들었을 때 갖추어 지는 것입니다. 따라서 프로그래밍을 배우고자 한다면 체계적이고 전문적인 학습을 해야 합니다. 그러면 누구나 프로그래밍을 할 수 있습니다.\n프로그래밍 언어나 프로그래밍을 배울 때는 C언어나 자바같은 프로그래밍 언어만 배우지 마시고, C언어나 자바로 하는 일인 프로그래밍을 먼저 공부하세요. 프로그래밍 언어만 배운 사람이면 프로그래밍 언어가 배우기 어렵다고 하고, 어려운 프로그래밍 언어를 한 권 내지 두 세권 책으로 공부를 마친 후에도 문제를 스스로 풀어 배운 프로그래밍 언어로 프로그램을 만들려고 하면 어디서 부터 시작하여 어떻게 해야 하는지가 막막하다고 합니다.\n 왜 그럴까요? 프로그래밍 언어 책에 적힌 프로그램을 이해하기 위해서는 프로그래밍을 배워야 하는데 그렇지 않고 프로그래밍 언어를 배우고자 하기 때문입니다. 프로그래밍 자체는 어렵습니다. 프로그래밍은 문제를 풀어 컴퓨터가 처리하도록 하는 프로그램을 만드는 일이기 때문입니다.\n 프로그래밍 언어 책에서는 문제를 풀어 프로그램을 만드는 것을 설명하지 않고, 문제를 풀어 해결책(알고리듬)을 만든 후에 컴퓨터가 처리하도록 하는 프로그램을 만들 때 프로그래밍 언어가 언제, 어떻게 적용되는지만을 설명합니다. 그래서 프로그래밍과 프로그래밍 언어를 재미있게 공부하고자 한다면 체계적이고 합리적인 학습을 해야 합니다.\n프로그래밍 언어를 배우기 전에 프로그래밍 언어로 하는 일인 프로그래밍을 먼저 공부하세요. 프로그래밍이 무엇인지, 어떻게 하는지, C언어같은 프로그래밍 언어가 언제, 어떻게 사용되는지 그리고 프로그램이 어떻게 작동하는지를 공부하세요. 또한 이러한 개념과 원리를 바탕으로 문제를 풀어 프로그램을 만드는 절차를 배우세요. 이러한 내용을 배우고자 하면, 다음 책들을 참고해 보세요.\n 책들은 ""이렇게 하면 나도 프로그램을 잘 만들 수 있다(나프잘)"" 시리즈입니다.\n 이렇게 프로그래밍을 이해했다면, 프로그래밍 언어를 배우세요. 무작정 프로그래밍 언어 책을 사고 동영상강의를 보면서 책에 적혀 있는 프로그램을 아무 생각없이 입력해서 실행시켜 보고 머리를 끄덕이고 외우는 방식보다 쉽게 재미있게 프로그래밍 언어를 배울 수 있습니다. 왜냐하면 왜 프로그래밍 언어를 배워야 하는지를 명확하게 이해했고, 프로그래밍 언어 책에 나온 프로그램이 어떻게 작성되었는지를 이해할 수 있고, 마지막으로 프로그래밍 언어 책에 제시되는 문제를 풀어 프로그램을 만들 수 있기 때문입니다.\n C언어를 공부하고자 한다면 다음 책을 참고해 보세요.\n책은 ""C를 배우면 함수를 잘 만들어야 한다""입니다.\n 문법만 설명하는 것이 아니라 문제를 풀어 프로그램을 만들 때 C언어가 언제, 어떻게 적용되는지를 설명합니다. 특히 책의 처음부터 끝까지 C언어를 배우면 반드시 만들 수 있어야 하는 함수를 만들어서 사용하는 방법을 설명합니다.\n 네이버 카페 ""프로그래밍을 배우자""에서 게시글과 동영상강의로 프로그래밍이 무엇인지, 어떻게 하는 것인지 그리고 C언어나 JAVA언어가 언제, 어떻게 사용되는지를 확인해 보세요. 그리고 프로그래밍과 C언어나 JAVA언어를 어떻게 배워야 할지를 생각해 보고 시작하세요. 그래서 시행착오를 줄이세요.\n독학을 하신다면 책을 읽는 방법을 바꾸세요. 책을 볼 때 바로 정독을 하지 마시고, 빠른 속도로 전체 내용을 훓어 보는 방식으로 여러 번 보고, 정독을 하십시오. 왜냐하면 모든 내용은 질문자 님에게 새로운 내용입니다. 따라서 어려울 수 밖에 없습니다. 그래서 최소한 책에 어떠한 내용이 담겨 있는지와 자주 사용되는 용어(혹은 개념)에는 익숙해야 정독을 할 수 있지 않습니까? 책의 줄거리나 용어에 익숙하기 위해서 빠른 속도로 전체 내용을 훑어 보는 방식으로 먼저 읽어 보시라고 권하는 것입니다.\n좋지 않은 프로그래밍 공부 방법이지만, C언어나 자바의 문법만 배우고자 한다면, 책을 훑어보기로 처음부터 끝까지 빠르게 3-4회 읽어 어떠한 내용인지, 자주 사용되는 용어들에 익숙해 지도록 하세요. 내용이 파악되고, 용어들에 익숙해지면, 처음부터 책에 실린 코드도 컴퓨터에 입력해 보면서, 컴퓨터가 없으면 공책에 적어 보면서 어떠한 문법이 언제, 어떻게 사용되는지를 외우세요. 이때는 ""왜 이렇게 할까"", ""어떻게 작동할까""라는 생각들은 하지 마시고, 외우세요.', '안녕하세요. IT 진학/취업 멘토 정원입니다.\n저도 처음으로 프로그래밍을 공부하게 된게 고등학생이였습니다.\n프로그래밍 공부가 완전히 처음이시라면 python으로 프로그래밍의 기초와 개념을 잡고 다음 언어로 넘어가시는것을 추천드립니다.\n프로그래밍 공부를 하다보면 어려워서 기초를 다지지 않으면 다음 공부에서 많이 지치고 포기하게 됩니다.\n프로그래밍에 진학 또는 취업을 생각하고 계신다면 프로그래밍 뿐만아니라 서버, 네트워크에 대한 기본적인 지식을 알고 계셔야 합니다.\n하지만, 우선은 python으로 기초를 먼저 다지시고 앞으로의 비전을 생각해 보시고 결정하시길 바랍니다.\nIT 진학/취업, 공부법 등의 궁금한점이나 문의하실 내용이 있으시면 아래 오픈 카톡으로 문의부탁드리겠습니다.\n오픈카톡: https://open.kakao.com/o/scnm3pqc\nIT 취업 1:1 컨설팅 상담\n#아이티뱅크#취업#상담#java#c언어#개발자#프로그래머#웹개발자#서버#네트워크#포트폴리오#IT\nopen.kakao.com', '가장 중요한 언어인만큼 처음 배울때가 중요한데 독학으로 어떻게 할지 궁금하네요\nIT의 모든 기술은 모를때나 공부하다 막힐때 누군가에게 물어보고\n즉각 해결할수있어야합니다\n그래서 준비하는 모든 학생들이 교육기관에서 교육을 받거나 인강을 청취하고있습니다\n느낌이 오시나요?\n독학으로 할 만큼 만만한 분야가 아닙니다\n프로그래밍을 배우시려면 IT기초인 파이썬부터 시작하시는 것이 좋습니다.\nIT분야는 독학으로 하기 어려운 부분이 있어서 전문교육기관에서 배우시는 것이 좋습니다.\n프로그래밍언어를 배우시려는 목적이 취업이신가요?\n그렇다면 IT전문교육기관에서 기초부터 배우시는 것을 추천드립니다.\nIT분야에서 원하는 진로도 생각해보시는 것이 좋습니다.\n진로에 따라서 공부하는 내용이 달라지기 때문입니다.\n프로그래밍언어를 처음 배우신다면 Python부터 시작하시는 것이 좋습니다.\nPython은 프로그래밍언어의 기초이기 때문에 처음 배우시는 분들에게 추천드립니다.\nPython을 배우고나서 C언어->JAVA->JSP->SPRING 순서로 배우시면 좋습니다.\n어느 분야로 진로를 정하셨는지는 모르지만 대부분 이 순서대로 배우시고 있습니다.\n이런 교육과정은 독학으로 하기 힘든 점이 있어 전문교육기관에서 공부 계획을 짜서 학습하고\n있습니다.\n프로그래밍 언어에 대해서 간단하게 소개해드리겠습니다.\n1) Python: 오픈 소스를 제공하며 문법이 쉽고 간단해서 쉽게 배우고 익힐 수 있음.\n            다양한 표현법 사용으로 소스 코드의 길이가 매우 짧으며, 개발 시간을 단축할 수\n            있어서 개발자들이 선호하는 언어.\n            초보자부터 전문가까지 쉽게 접근할 수 있는 프로그래밍 언어로 다양한 플랫폼에서\n            활용 가능\n            다양한 라이브러리 지원으로 IT 전 분야에서 널리 사용되고 있음. \n2) c언어: 컴파일러나 소프트웨어 개발용 도구로 사용되는 언어\n           시스템 기술 언어로 개발\n           프로그램을 기계어 명령에 가까운 유형으로 직접 기술할 수 있으며 언어를 간단하게\n           하여 풍부한 표준 자료집을 갖게 할 수 있으며 연산자가 많고 다른 기종에 프로그램\n           이식이 쉬움\n3) Java: 객체 지향 프로그래밍 언어. 보안성이 뛰어나며 컴파일한 코드는 다른 운영체제에서\n          사용이 가능.\n4) JSP: Java Server Pages의 약자. 자바 서블릿 기술을 확장시켜 웹 환경 상에서 100% 순수한\n         자바만으로 서버 사이드 모듈을 개발하기 위한 기술\n5) SPRING: 오픈 소스 프레임워크. 엔터프라이즈 애플리케이션 개발의 복잡함을 해결하기 위해\n             만들어짐.\n             Java에서 DB작업을 편하게 해주는 프레임워크\n   IT분야의 직업이 어떤 것이 있는지 잘 모르시는 것 같아서 간단하게 소개해드리겠습니다.\n1) 프로그래머: 프로그램을 설계.개발, 유지보수를 하는 직업.\n                   직업의 수요가 가장 많고 취업이 쉬울 수 있다.\n                   경력이 올라갈수록 연봉이 높아지는 직업\n                   웹/앱, 소프트웨어 개발자\n2) 엔지니어: 시스템 엔지니어와 네트워크 엔지니어로 나눌 수 있음.\n                 시스템 엔지니어는 컴퓨터와 통신장비들을 시스템에 맞춰 설계.관리하는 직업으로\n                 서버에 대한 지식이 많이 필요해서 실무적인 부분을 알아야 함.\n                 네트워크 엔지니어는 전산망과 관련된 하드웨어.소프트웨어에 관한 네트워크 시스템\n                 분석.설계.구축에 관한 업무\n                 전체적인 네트워크 시스템 구조를 분석.평가하여 문제점과 개선책을 마련하는 직업\n3) 정보보안전문가: IT 분야에서 가장 최상위에 있는 직업으로 프로그래밍, 시스템, 네트워크&서버,\n                        데이터베이스를 배우고나서 정보보안 분야를 배워야 함.\n                        정보보안전문가가 되기 위해서 실무를 중점적으로 공부해야 함.\n                        정보보안전문가는 다시 5개 분야의 직업으로 나눌 수 있음.\n- 모의해킹전문가: 웹/프로그램을 임시적으로 해킹하여 취약점을 분석하고 작업하는 직업\n- 보안솔루션: 모의해킹을 통해 찾은 취약점을 보안.대비하는 직업\n                  모의해킹 쪽과 함께 팀을 이루어 같이 다님.\n                  확실하게 실무적인 부분이 뛰어나야 하는 직업  \n- 보안관제: 24시간 3교대로 모니터링을 통해 1차적으로 대응하는 직업\n- 악성코드분석: 유해한 코드나 프로그램을 분석하여 백신이나 보안프로그램을 만드는 직업\n                     V3.알약 등 악성코드를 예방하는 역할\n- 디지털포렌식전문가: 삭제되거나 손상된 데이터를 복원/복구하는 직업\n                             법적 증거물들을 수집하는데 많이 이용\n                             경찰청, 사이버수사대 등 국가기관 쪽에서 근무\n4) 데이터베이스관리자: 회사에서 사용하는 DB서버를 구축.유지보수관리하는 직업\n                               금융권이나 대기업으로 취업\n5) 빅데이터전문가: 얻고자 하는 데이터들을 식별하고 분석해서 노하우에 따라 원하는 결과를 얻고\n                         데이터 분석에 관한 솔루션을 만들고 자료를 통계까지 하는 직업\n                         은행이나 카드사 같은 금융권과 광고회사 및 정부나 공공기관에서 근무\nIT분야의 직업에 대해 소개드렸습니다.\nIT분야는 실무적인 부분이 중요하게 여겨지고 있습니다. 그에 따른 실력도 갖추어야 합니다.\n진로고민, 취업준비, 자격증 취득 등 IT분야에 꿈이 있지만 아는 것이 없어 막막하신 분들을 위해\n학력, 나이, 조건, 상황, 실력 등에 따라서 취업, 진학, 공부 방법을 무료상담을 통해서 맞춤형\n컨설팅을 해드리고 있습니다.\n프로그래밍 관련 책 \nHello Coding 프로그래밍\n- 프로그래밍 언어 입문서가 아닌 프로그래밍 기초 개념 입문서\n윤성우의 열혈 C프로그래밍\n- 윤성우 열형강의『C 프로그래밍』는 C언어에 대한 기본을 배울 수 있는 개론서이다.\nJAVA의 정석\n- 자바의 기초부터 실전활용까지 모두 담다\n 이것이 자바다\n-『이것이 자바다』은 15년 이상 자바 언어를 교육해온 자바 전문강사의 노하우를 아낌 없이 담아낸 자바 입문서이다.\nDo it! 점프 투 파이썬\n- 지난 10년간 온라인 독자들의 질문 댓글에 답변하며 쌓아온 저자만의 노하우를 초보자들이 이해하기 쉽게 풀어냈다.\n여러 이유로 시작을 망설이시거나 걱정이 많으신 분들께서는 부담 없이 무료상담을 받으셨으면\n합니다.\nIT직업에 대해 더 궁금하신 점이 있으시면 아래 연락처로 문의 남겨주세요.\n상담신청: www.happy-itbank.com\n오픈상담 : https://open.kakao.com/o/sIQvmT4\n전화상담 : 010-2317-9164', '만나서 반갑습니다.\n저는 ITBANK 6년차 근무하고 있는 교육팀장입니다\n궁금해 하시는 IT분야 관련 취업 공부방법에 대해서 설명 드리겠습니다.\n일단 질문자님 학교성적이나 상황 등 아는 부분이없어서 정확한 답변이 힘듭니다.\n정보가 매우 부족해 보이고 단순히 인터넷만 검색한거 같습니다.\n결론부터 말씀드리자면 할수 있는 활동이 없습니다.\n어차피 동아리 활동 봉사활동 독서활동은 누구나 다 하는 것입니다.\n그리고 이러한 활동내역들을 완성하기 위해 님 또래 친구들이\nit전문교육기관에서의 상담을 통한 공부방법 순서 등을 면밀히 진단받고 있고\n틈틈히 인강 혹은 오프라인 공부를 통해서 실력을 기르고 있습니다.\n본인 적성과 성향에 맞는 분야에 대한 진단을 받으셔야하고\n각 직업의 직무를 아셔야만 그에 따른 목표를 잡고\n학원을 다니더라도 제대로 다니실 수 있고 진학시\n이렇다 할 명함이라도 낼 수 있습니다. 님 또래들 직무력과 기술서 그리고\n공모전 경시대회 등 많은 경험으로 무장하고 옵니다.\n일단 국내에 어떠한 고등학교던 정보보안직무를 정확하게 교육하는 고등학교는 없습니다.\n대학교역시 서연고 성균관대 등 몇몇 명문대를 제외한 나머지는\n직무에대한 공부는 님이 따로 준비해야합니다.\n님이 성적으로 보는 몇몇 명문 특성화고를 갈수 있는 상황이 안되시면 인문계를 들어가셔서\n내신관리와 전문교육기관을 통한 직무력을 통해 수시 준비를 하는 것이 효율적입니다\n만약 님 내신이 정말 서울권 명문대를 거뜬히 찍을 내신이라면 지금부터\n내신과 수능준비하시면서 온라인컨텐츠를 통해 기본개념정도 익히시는 것이 좋고\n만약 님 내신이나 학교성적이 어설프거나 낮으시다면\n정상적인 방법으로는 힘듭니다.\n지금부터 전문적인 교육기관의 교육을 통해 경시대회 및 특별전형 과 같은 수시로\n진학률을 높이거나 내신이 바닥이시면 다른 방법으로 학력을 만들어야지\n어설픈 지잡 들어가셧다가는 보안은 커녕 안망가지면 다행입니다\nC언어와 알고리즘에 대한 부분은 물론이고\n운영체제에대한 서비스와 운영능력\n그리고 네트워크의 패킷분석이 가능하고 그에 대한 보안 솔루션까지 가능해야\n이해라도 할 수 있습니다.\n이러한 일련의 공부를 다 하기 위해서는 만약학원을 전문적으로 다녀서 죽을둥\n열심히 했을때 1년정도 걸립니다.\n그래야 대학진학시 수시 생기부란에 뭐라고 적을 것이 생기고\n정보보호올림피아드와 같은 경시대회를 참가라도 할수 있는 실력이 준비됩니다\n독학은 현실적으로 불가능합니다.\n독학으로 하면 왜 안되냐구요? 설명드리겠습니다.\n관련 서적 무진장 많습니다. 요새는 책들이 아주 잘 나옵니다.\n뭐 아무거나 본인입맛에 맞는 거 사면됩니다. (네트워크, 운영체제, 프로그래밍 등에 대한\n책부터 시작해야하고 다 사면 10여권 됩니다.)\n책보다가 모르는 부분이 1개 2개 책 장 넘길수록 5개 10개 이런식으로\n늘어날 것입니다.\n이에 대한 피드백을 어떻게 받으실 예정이십니까?\n아마 대충 넘어가다가 그냥 혹은 암기만 하다가 걷잡을 수 없는 상황이 되면\n스스로 한달못가 포기하게 되는 경우가 허다합니다.\n책좀 보다가 모르는 용어들이나 모르는 예제들이 하나 둘씩 나올테고 처음에는 의욕이 있으니\n인터넷 찾아가면서 밤새면서 혹은 네이버 지식인에 물어가면서 할 수 잇습니다.\n그게 한 60페이지 정도 되면 걷잡을수 없이 많아집니다.\n주의에 피드백을 받을 곳도 없고 왜 이걸해야하는지 어떻게 활용되는지 모르고\n하다보면 대충 넘어가게 되겠죠? 그러다가\n나 안해... 그러고 포기입니다.\n질문자님이 좀더 자세한 정보와 도움을 원하고 위에서 얘기 한 바와 같이 자신에 대해 진단이\n필요하고 자신에게 가장 알맞은 공부 방법과 계획에 대해 알고 싶다면 번거롭더라도 카톡친추\n하시고 정확하게 도움 받아 보시는게 좋을거 같습니다.\n지금 질문자님에게 가장 필요한건 질문자님의 상황에 맞는 최적화된 공부방법과\n세부적인 취업진로에 대한 컨설팅이 반드시 필요합니다.\nIT관련 취업과진로에 대한상담이나 공부법 자세한상담 받아보고 싶으시면\nhttps://open.kakao.com/o/s43Ywex 참고하셔서 질문해 주시기를 바랍니다.\nIT 전문 컨설턴트 건웅쌤\n안녕하세요~! IT 전문 컨설턴트 건웅쌤입니다. IT 프로그래밍, 정보보안, SW 특기자 전형, 대입대비, 고등학교 입시, 서버/시스템, 네트워크, C언어, 파이썬, 자바 등등 다양한 IT 커리큘럼을 상담해드립니다. 전화문의 : 02-3676-3941 카톡 : terry9878\nnaver.me', '안녕하세요! it진학/취업 컨설턴트입니다! \n언어를 배우기 힘들다면 아두이노나 스크레치, 엔트리등을 \n공부해보는건 어떤가요?? \n엔트리나 스크레치, 아두이노는 보다 쉽게 프로그래밍에 접근할 수 있습니다! \n자세한 정보를 얻고싶으시면 아래 오픈카톡으로 문의주세요!\nhttp://open.kakao.com/o/sKcL4hF\nIT관련 진학, 취업 상담신청 (성함, 나이, 연락처)\n#it진학 #it취업 #it전문교육기관 #국비지원 #학점은행제 #정보보안전문가#프로그래머 #네트워크엔지니어 #정보보안학과 #컴퓨터공학 #특기병\nopen.kakao.com', '고등학생이신데 벌써 컴퓨터 기초에 대해 공부하시다니 멋지시네요~\n컴퓨터 언어 뿐만 아니라 APPINVENTOR라고 들어보셨나요?\n모바일이 발달한 요즘 앱을 만들기 전 APPINVENTOR를 가지고 연습해보세요!\nAPPINVENTOR는 어려운 언어를 쓰는 것도 아니라 배우기도 쉬워요!\n배울 수 있는 곳 알려드릴게요 참고해보세요!\nhttps://bit.ly/30rEI3A']",7,https://kin.naver.com/qna/detail.naver?d1id=1&dirId=10405&docId=365314304&qb=67Cx7Iug&enc=utf8&section=kin&rank=74&search_sort=3&spq=0,프로그래머
8,2020.08.15,"['바이러스인가요', '바이러스백신']","컴퓨터에 이상한 wma 파일, asx 파일이 자동으로 설치됐어요... 도와주세요","그냥 인터넷 서핑을 하다 잠깐 자리를 비우고 돌아오니, 
이상한 이름의 확장자가 wma인 파일이 받아져 있었어요.
응? 내가 이런 걸 받은적이 있었나? 하고 의문이 들었지만 분명 이상한 블로그를 들어가지 않았기 때문에 안심하고 열어봤습니다.
그랬더니 VLC라는 프로그램이 작동하더군요. 그 프로그램을 이용해서 파일을 재생시켜봤더니 그냥 음악이 재생되고 끝났습니다. 
찝찝해서 파일 제목을 구글에 검색해 봤더니 한 다음의 블로그가 뜨더군요..
그 블로그에 들어가니 갑자기 또 이상한 확장자가 asx인 파일이 자동으로 받아졌어요...
놀라서 바로 휴지통에 넣고 지운 후, 지금 AVG 백신을 돌리고 있는 중인데 
이거 위험한 바이러스일까요? 
물론 운영체제가 맥북 ios 이긴 한데 최신 버전이 아니라서 불안불안한 마음이 생깁니다.
부디 조언 주세요",['위험한 바이러스가 맞습니다. asx 확장자는 사이트로 리다이렉트시켜주는 html 파일과 같습니다. '],1,https://kin.naver.com/qna/detail.naver?d1id=1&dirId=11002&docId=365291055&qb=67Cx7Iug&enc=utf8&section=kin&rank=76&search_sort=3&spq=0,바이러스
7,2020.08.16,[],러시아 백신 제발...,,"['제발...', '성공적인 결과를 기대중입니다...\n요새 또 점점 심해지네요ㅠ', '성공적인 결과를 기대하지만\n리스크가 너무크네요... 1상만 통과하고 나온 제품이라고\n나오는데...\n<러시아 코로나 백신 개발 성공> 세계최초 코로나 백신 개발 (러시아 백신 관련주)\n러시아 백신 코로나 백신 (러시아) _ 러시아가 세계 최초로 코로나19 백신 개발에 성공해 백신 등록을 마쳤다고 발표했다. 블라디미르 푸틴 러시아 대통령은 오늘 원격 내각회의에서 ""오늘 아침 세계에서 처음으..\ndingdo.tistory.com']",3,https://kin.naver.com/qna/detail.naver?d1id=8&dirId=814&docId=365400948&qb=67Cx7Iug&enc=utf8&section=kin&rank=64&search_sort=3&spq=0,기타
6,2020.08.16,['#코딩'],개발자 분야 중에 가장 유망한 분야가 뭔가요?,"웹개발 앱개발쪽은 레드오션이라고 어떤분이 하셨는데
그럼 어느쪽 개발이 유망한가요? 
AI? 데이터?","['안녕하세요.\n컴퓨터, 프로그래밍 분야\n전문가랭킹 1위 지식iN 입니다.\n질문에 수기로 상세히 답변드리겠습니다.\n개발 분야중에서는 웹 개발이 그나마 수요가 높은 편 입니다.\n웹 개발은 프론트엔드와, 백엔드로 분류 됩니다.\n프론트엔드보다는 백엔드 개발이 수요가 더 많다고 보시면 됩니다.\n개발 분야는 네트워크나 시스템, 보안과 클라우드에 비해서는\n레드오션이지만, 실력이 있다면 그만큼 더 인정받을 수 있는 분야 입니다.\n지식iN 글을 보시고 연락주시는 분들 대상으로 \n[ 무료 맞춤 컨설팅 ] 을 진행하고 있습니다.\n 맞춤 상담을 받기를 희망하신다면, \n아래 문의수단으로 클릭! 하셔서 문의 남겨 주시면 \n상세한 1:1 맞춤 컨설팅 도와드리도록 하겠습니다.', '치킨 튀기는 알고리즘\n그쪽이 블루오션임\n어차피 치킨집 사장 될 테니까. ^^\n오픈소스?\n삼성전자가 반도체 설계도 오픈하는 것 봤니?\nCTRL + C + V 복붙 잘하기, 그게 오픈소스 란다. ^^\n내가 캐삭빵 걸께\n""이 답변글 말고 여기 달린 답변글은 전부 코딩 노예 학원 광고다""\n캐삭빵 ㄱㄱ\n70억 인구 중 5000만원 인구 중\n1:1로 우리가 인터넷 공간에서 만난 것도 인연이겠죠.\n제가 또 한사람의 인생 살리고 나갑니다. 수고하세요.\n애기야.\n정부가 왜 코딩 노예 저렇게 양산하겠냐.\n(개돼지 처럼 살려면 그 진로 선택하고 그건 니맘 ㅅㄱ)\n빅3 고급개발자 출신, \n대형 국책사업 IT프로젝트 PM 출신으로 답변 드릴께요.\n님 프로그래밍은\n소스코드 보고 코딩하는 것 만 하는게 아니구요.\n업무를 정확하게 분석하고 설계할 줄 알아야 합니다.\n코딩은 그냥 설계서 중국에 던져줘도 왠만큼 해서 나옵니다.\nJAVA니 C언어니 파이썬이니 이런 언어들은요.\n구현을 하기 위한 도구일 뿐입니다.\n해외처럼 오래 한다고 대우받고 그러기도 쉽지 않습니다.\n800만~1000만원 받는 프리랜서 개발자들이 있기는 한데요.\n(이런 분들은 코딩 덕후 진짜 극소수, 고등학교 중퇴하고 코딩만 한 사람들)\n프로그래밍, 코딩, 개발자는 종특이\n허구헌날 야근, 허구헌날 고객사 갑질에 휘둘리구요.\n증권, 은행원 IT같은 경우에는 큰 돈이 움직입니다.\n장애나면 죽는거에요. 문책당해 짤리기도 합니다.\n뉴스에 가끔 통신사 장애, 은행 장애 이런거 나오죠?\n그런 기사 나온거면 위에 책임자는 1~2명 그냥 책임지고\n보직해임 당하는 거라고 보시면 됩니다.\n그리고 일반 프로그래밍 회사, 대기업 SI회사 같은 경우는요.\n그거 다른 회사에 들어가서 전산 서비스를 해주고 돈 받는 겁니다.\n사업 구조가 그래요. 그래서 종 취급 당합니다.\n심지어 컴퓨터 뭐 안되는거, 윈도우 안되는거, 이런 사소한 것 까지\n다 해달라고 합니다. 용산 전자상가 용팔이 인가 착각드는 경우도 많아요.\n그리고 평생 공부해야 됩니다.\n그렇다고 대단하고 기술력이 높아지는 것도 아니구요.\n예를 들면 제약회사 전산시스템을 새로 개발한다?\n그럼 제약관련 행정업무 + 약 배합과 약 제조 시스템을 모조리 약사 수준으로 다 이해해야 합니다.\n그래야 설계하고 프로그래밍을 하죠. 약사들이 쓰기 쉽게 만들어야 합니다.\n그거 누가 해주는거 아닙니다.\n본인이 업무를 알고 + 분석 + 설계해서 코딩 프로그래밍까지 다 해야 되는 거에요.\n미치죠.\n젊을 땐 몰라요. 30대 후반 ~ 40대 넘어가면 학습이 잘 안됩니다.\n그리고 관리자로 올라가면 IT프로젝트 PM부장되면요.\n그건 매일 고객한테 불려가서 술먹는게 일입니다.\n고객이 떼쓰고 해달라는거 많으면 가서 술사주고 밥사주고 그러면\n다음날 일이 줄어듭니다.\n그러는 거에요.\n그리고 국가발주 IT사업은 예산 100억이면\n실제 입찰은 60~80억 막 이렇게 저가 입찰이 됩니다. 빅3 서로 경쟁해서요.\n그럼 100억짜리 사업을 60억에 하려면 예산이 없으니까. \nIT는 사람이 맨날 야근도 안찍고 야근하고 개고생 하는 겁니다.\n그러다 과로로 심근경색, 갑상선 이런거 와서 자르고 수술하고...\nIT쪽 발 들이지 마세요.\n능력되면 진짜 다른 일 하세요.\n개발자들 40대 초반에 퇴사하고 치킨집 차린다 \n진짜 본인 일 됩니다.\n[그럼 IT 이민 갈래요.]\nㅋㅋㅋㅋㅋㅋㅋㅋ 기술 이민?\n국비지원 일본 IT 취업 특징.\n1. 일본 IT 업계 80%는 SI 파견이다.\n2. 학원 수료생 대부분은 한국계 SI 파견업체로 감.\n(애초에 일본에 있는 한국 IT회사를 위해 생겨난게 국비지원 일본 취업임)\n3. 파견 나가면 모든게 복불복임.\n(회사까지 출근 2시간 걸릴수도 있고 3~6개월 단기 프로젝트만 해서 어중이 떠중이 될 수도 있음)\n4. 파견기업은 블랙 존나 많음.(가기전에는 조건 나쁘지 않아보여도 막상 가면 파견 안 나간 달은 급여의 70% ㅇㅈㄹ함, 특히 한국계 si 파견업체)\n5. 일본은 퇴직금 제도가 없다.\n6. 파견 나가면 보통 존나 바쁘다.(그러니까 파견을 고용하지)\n7. 일본은 세금 존나 쌔다.(23만엔 받으면 세후 18만엔 남음)\n:참조 https://japan-story.biz/35\n8. 일본은 미나시잔교라고 월에 30~45시간 넘게 잔업한거 아니면 야근수당 안줌.\n좋아하는거 해보고 나중에 후회고 나발이고요.. \nIT개발자는 100만큼 일하고 월급 50받는 구조에요.\n구조가 그렇게 만들어져 있습니다.\n위에서 말한거 보세요.\n국가에서 IT 하루 9시간 M/M 공수 계산해서 예산 100억 잡았는데\n실제 돈은 50~60억 받는다니까요.\n그럼 16시간 일해야 됩니다. IT는 그냥 사람 조져서 예산 때우는 거에요.\n진짜 능력되면 공무원/대기업/변호사/공기업 이런거 하세요.\nIT는 수주받아서 일해야 하는데 계속 저가수주 시달리구요.\n그래서 평생 열심히 일하고도 제값 못받고 일합니다.\n나중에 30대 후반~ 40대 초반까지 해보고 후회하면 \n그때는 아무것도 못하구요. 치킨집 그냥 차려야 됩니다.\n지금 답변글은 실제 대기업 빅3 직원들도 다 하는 소리니까\n제가 소설쓰는거 아닙니다. \n그런데 아무리 이렇게 말해도 깨닫지 못해요.\n저도 젊을 때는 그랬습니다.\n그리고 월 1500~2000만원 받는 최고급 프리랜서 개발자는\n중고등학교대 대학교때 전산 전공 안한 사람들이 많아요.\n경제학 경영학과 출신, 자연과학 출신 등등 나중에 코딩 배운 사람이\n더 잘하는 경우도 많습니다. \n프로그래밍은 결국 사용자가 쓰기 쉽게 만들어야 해서.\n관련 전공 지식 없으면 좋은 프로그램이 안 나와요.\n(많은 IT전공자 들이 하는 큰 착각이죠;;; 전공지식이 필수인데 코딩만 하기 신공)\n고객사 입장에서 가장 답답한 부류...\n위 답변 내용은 대기업 빅3 S/W 회사 현실 실화 입니다.\n솔직히 궁금한거 있으면 채택하고 -> 댓글로 더 물어봐라. \n다 답변해 줄께^^ 레알 트루 현직임\n빅3에 공채는 20~30% 입니다.\n대부분 직원이 중소기업에서 이직으로 넘어 옵니다.\n능력있는 신입사원이 뭐하러 빅3에 공채로 들어와 이 새끼야.\n시기고 질투고 나발이고.\n애초에 수주를 50~60% 가격에 낙찰한 다니까.\n그래서 대기업도 중소기업 원청 하청 다 힘든 구조라고.\n건설업 평균 낙찰 85~95% 합니다.\nIT업 평균 낙찰 60~70% 됩니다.\n똑같은 100억 일감을 누구는 90억 받는데\n누구는 60억 받고 일합니다.\n-> 돈 없으니 야근수당 없이 야근하고 -> 갑상선 자르시기 바랍니다.\n넌 나한테 뭘 해도 안돼 이 새끼야.\n현실 모르는 새끼. 아무리 알려줘 봐야 뭘하냐?\n그리고\n프레임워크? -> 그게 대기업 독점 못하게 정부해서 무한경쟁 하라고 만든거\n오픈소스? -> 삼성전자 반도체 설계도 오픈하냐? -> 복붙 검색 잘 하는게 오픈소스야 병신아.\n그래서 중국에 돈만 쥐어주면 코딩은 다 나와 이 새끼야.\n월 100만원 주면 코딩 천재 중국에 널렸음 ^^ 수고해 ^^\nㅋㅋㅋㅋㅋㅋㅋㅋ\n내가 아무 생각없이 주말에 너 같은 새끼 구해주려고 답변 달고 있는 줄 아니?\n저기요.. 위에 제가 말 한거 너무 길어서.. 이해가 사실 잘 안되죠..\nPM = 프로젝트 매니져 = 대부분 차장급 부장급\n코딩 안합니다. 코딩 안해요. 분석 설계도 안합니다. 아무것도 안해요.\n매일 고객사 찾아가서 굽신굽신 일정보고하고 저녁에 술 마시고\n밥사주고 그러는 일 하는 겁니다.\nPM의 기본 베이스는 술 + 룸사롱 + 유흥 + 골프 이런거 잘 하는 거에요.\n빅3 에서도 술 못마시는 사람 유흥 못하는 사람 정치못하는 사람은 PM으로 살아남을 수가 없고\nPM 자리 시켜주지도 않아요. 알아두세요.', '개발자라면, 어떠한 분야에서든 개발할 수 있어야 합니다, 따라서 유망한 특정 분야가 무엇일지를 고민하지 마시고, 어떠한 분야에서라도 일할 수 있도록 준비하세요. 그러려면, 앱이나 AI(인공지능)같은 프로그램을 만드는 일인 코딩 다른 말로는 프로그래밍을 제대로 배우도록 하세요.\n코딩 다른 말로는 프로그래밍을 제대로 배우고자 하면, 먼저 코딩 다른 말로는 프로그래밍을 체계적이고 전문적으로 배워 창의적인 혹은 창조적인 문제 해결 능력과 프로그래밍 능력을 갖춰야 합니다. 그러면, 나이, 성별, 학력, 전공과 상관없이 누구나 코딩 다른 말로는 프로그래밍할 수 있습니다. 그렇게 먼저 코딩 다른 말로는 프로그래밍을 배우면, 어떠한 프로그래밍 언어라도 보다 쉽고 재미있게 효율적으로 배울 수 있습니다.\nC언어, 파이썬, 자바는 프로그램을 만드는 일인 프로그래밍할 때 사용되는 도구로 프로그래밍 언어입니다. C언어, 파이썬, 자바같은 프로그래밍 언어를 배워야 프로그래밍을 배울 수 있다고 생각하십니까? C언어, 파이썬, 자바같은 프로그래밍 언어를 배우는 것이 프로그래밍을 배우는 것이라 생각하십니까? C언어, 파이썬, 자바같은 프로그래밍 언어를 배우면 프로그래밍할 수 있을 것이라 생각하십니까? 매우 잘못된 바보같은 생각입니다. C언어, 파이썬, 자바같은 프로그래밍 언어를 배운다고 프로그래밍할 수 없습니다. C언어, 파이썬, 자바같은 프로그래밍 언어를 배우는 것과 프로그래밍을 배우는 것은 별개 문제입니다.\n프로그래밍이 무엇인지 간략하게 봅시다. 프로그램으로 만들고자 하는 것을 전산(컴퓨터) 분야에서는 문제라고합니다. 그리고 프로그램은 데이티와 명령어로 구성됩니다. 그래서 문제를 풀어 프로그램을 만들고자 한다면, 문제 관련 데이터들을 어떠한 기억장치에 어떻게 저장하고 어떻게 쓰고 읽을지를 결정하고(자료구조 설계), 어떠한 명령어들을 어떠한 순서로 몇 번씩 실행시킬지를 결정하여(알고리듬 설계), 이렇게 설계된 자료구조와 알고리듬을 C언어나 자바같은 프로그래밍 언어로 문법에 맞게 변환하여(구현) 프로그램을 만드는 일이 프로그래밍입니다.\n요약하면, 프로그래밍은 컴퓨터를 이용한 문제 해결 과정입니다. 그래서 프로그래밍을 배울 때는 체계적이고 전문적으로 배워 4차 산업 혁명 하에 살아야 하는 사람이면 반드시 갖춰야 하는 능력인 창의적인 혹은 창조적인 문제 해결 능력과 프로그래밍 능력을 갖춰야 합니다.\n이러한 데 프로그래밍할 때 사용되는 도구들인 C언어나 자바같은 프로그래밍 언어를 배운다고 저절로 창의적인 혹은 창조적인 문제 해결 능력과 프로그래밍 능력이 갖춰 지겠습니까? 그렇지 않습니다. C언어나 자바같은 프로그래밍 언어를 보다 쉽고 재미있게 효율적으로 배우고자 하면, 프로그래밍을 체계적이고 전문적으로 배우세요.\n""이렇게 하면 나도 프로그램을 잘 만들 수 있다(나프잘)"" 시리즈 책들을 참고해 보세요. 나이, 성별, 학력, 전공과 상관없이 누구나 독학으로 프로그래밍을 체계적이고 전문적으로 배워 창의적인 혹은 창조적인 문제 해결 능력과 프로그래밍 능력을 갖출 수 있습니다. 네이버 카페 ""프로그래밍을 배우자""에서 공부하는 방법도 배우고 멘토링을 활용하면, 보다 재미있고 효율적으로 프로그래밍을 배울 수 있습니다.\n컴퓨터 앞에 놓고, C언어나 자바같은 프로그래밍 언어, API, 유니티, 언리얼 게임엔진같은 라이브러리, Visual Studio, NetBeans, Eclipse같은 언어 프로그램들 같은 개발 도구 사용법만을 가르쳐 남이 시키는 일만 남이 만든 코드를 편집하는 노가다를 양성하는 학원이면, 차라리 독학하세요. 충분히 할 수 있습니다. 그렇지 않고 컴퓨터 없이 문제를 풀어 개발 도구들로 프로그램을 만드는 방법을 가르쳐 프로그래머를 양성하는 학원이면, 스스로 문제를 풀어 프로그램을 만드는 일인 프로그래밍을 체계적이고 전문적으로 배워 창의적인 혹은 창조적인 문제 해결 능력을 갖출 수 있어 많은 도움이 될 것입니다. 왜냐하면, 개발 도구들로 하는 일인 프로그래밍이란 컴퓨터를 이용한 문제 해결 과정이기 때문입니다.\n프로그래밍을 공부하는 데는 공부하는 방법이 매우 중요합니다. 공부하는 방법부터 배우고 시작해 보세요. 그렇지 않지만, 우리나라에서는 대부분 C언어부터 배우고 자바를 배우라고 해서(자바부터 배워도 됩니다) C언어나 자바를 배우다 보면, C언어나 자바 책에 적힌 내용은 그럭저럭 이해되지만, 장마다 제시되는 문제를 풀어 C언어나 자바로 프로그램을 만들고자 하면, 어떻게 해야 하는지 모르겠고, 잘되지 않습니다. 그러면 답지를 구해 코드만 외우고 넘어 갑니다. 망하는 지름길입니다.\nC언어나 자바 책에 적힌 내용은 C언어나 자바의 문법이고, 장마다 제시되는 문제를 풀어 C언어나 자바로 프로그램을 만드는 일은 프로그래밍입니다. 따라서 C언어나 자바의 문법만 배운다고 프로그래밍을 할 수 있는 것은 아닙니다. 그래서 C언어나 자바의 문법을 배울 것인지 아니면 C언어나 자바로 하는 일인 프로그래밍을 배울 것인지를 먼저 명확하게 하세요. 공부하는 방법이 다르기 때문입니다. 공부하는 목표에 맞게 공부하는 방법을 배워 공부하면 보다 쉽고 재미있게 배울 수 있습니다.\n공부하는 방법도 설명드려 보겠습니다. 참고해 보세요.\nC언어나 자바를 보다 쉽고 재미있게 배우고, 스스로 문제를 풀어 C언어나 자바로 프로그램을 만들고자 한다면, 먼저 프로그래밍을 배우세요. 문제를 풀어 프로그램을 만드는 일인 프로그래밍을 먼저 체계적이고 전문적으로 배우세요. 그래서 창의적인 혹은 창조적인 문제 해결 능력을 갖추도록 하세요. 왜냐하면, C언어나 자바로 하는 일인 프로그래밍이란 컴퓨터를 이용한 문제 해결 과정이기 때문입니다.\n위쪽 프로그래밍의 정의에 의하면, 먼저 문제를 풀어 알고리듬과 자료구조를 만드는 방법을 배우세요. 그리고 C언어나 자바로 알고리듬과 자료구조로 프로그램을 만드는 방법을 배우세요. C언어나 자바로 알고리듬과 자료구조로 프로그램을 만들 때 필요한 C언어나 자바의 문법적인 기능을 이제 C언어나 자바 책에서 찾아서 읽어 보고 적용하는 방식으로 공부하세요. 난이도를 높여 가면서 많은 문제를 풀어 프로그램을 만들다 보면, 스스로 문제를 풀어 프로그램을 만들 수 있고, C언어나 자바도 머리로 기억하는 것이 아니라 몸으로 기억되어 있을 것입니다. 그래서 숨쉬는 것처럼, 걷는 것처럼 자연스럽게 C언어나 자바로 프로그램도 만들 수 있을 것입니다.\n알고리듬과 자료구조를 만드는 방법을 배우라고 해서 시중에 출간된 알고리듬과 자료구조 책들을 사서 이미 만들어져 책에 실린 정렬과 검색 알고리듬, 배열, 연결리스트, 트리, 그래프, 스택, 큐들을 외우지 마십시오. 정렬과 검색 알고리듬, 배열, 연결리스트, 트리, 그래프, 스택, 큐들을 만들 수 있도록 알고리듬과 자료구조를 만드는 방법을 먼저 배우라는 것입니다.\n인터넷에서 사용되는 논리가 ""C언어를 알아야 프로그램을 만들 수 있으므로 C언어를 먼저 배우라""고 합니다. 이러한 논리가 우리나라 영어 교육이나 학습에서도 적용되었지요. 우리나라 영어 교육이나 학습은 영어의 문법부터 시작합니다. 그렇게 해서 중학교, 고등학교 심지어 대학교까지 똑같은 방식으로, 영어 문법을 외우는 방식으로 공부하게 됩니다. 그렇게 십 수년을 하지만 헤밍웨이의 유명한 소설 책 한 권 제대로 읽지 못하고, 두 세쪽 되는 에세이 하나 제대로 작성하지 못하고, 지나가는 외국인과 담소한 번 제대로 나눌 수 없지 않습니까?\n""C언어를 알아야만 프로그램을 만들 수 있다""는 논리라면, 영어의 문법을 공부했다면, 영어 소설책도, 에세이도 회화도 가능해야 하지 않습니까? 어느 분야에서 성공하려면, 10000시간 정도 분야에 집중하면 된다는 이론이 있지 않습니까? 우리나라에서 영어 공부에서는 적용되지 않는 이유는 무엇일까요? 교육과 학습에 문제가 있다는 것입니다.\n그래서 요사이는 영어 교육과 학습이 매우 실용적으로 바뀌고 있습니다. 문법을 암기하는 것이 아니라, 듣기와 말하기로 바뀌고 있습니다. 듣기와 말하기할 때 필요하면 문법을 공부하고 적용하는 방식으로 말입니다. 그래서 좋은 결과를 내고 있습니다.\n프로그래밍 교육과 학습도 바뀌어야 합니다. 문법위주 교육과 학습보다는 문제 해결 중심의 교육과 학습으로 바뀌어야 합니다. 프로그래밍을 공부하는 방법을 배우세요.\nC언어나 JAVA언어같은 프로그래밍 언어와 프로그래밍을 체계적이고 전문적으로 공부하는 방법도 설명드려 보겠습니다. 참고해 보세요.\n프로그래밍은 우리가 생활하는 데 있어 부닥치는 복잡한 문제를 새로운 생각으로 풀어 프로그래밍 언어로 컴퓨터가 처리하도록 하는 프로그램을 만들어 보다 편하게 살 수 있는 세상을 만드는 일입니다. 그래서 어렵습니다. 그렇지만 내가 생각한 프로그램을 만들고 세상 사람들이 사용한다면 엄청난 성취감과 자부심을 느낄 수 있습니다.\n이러한 프로그래밍을 하고자 한다면 다음과 같은 최소한의 능력을 갖추어야 합니다.\n(1) 문제 해결 능력\n(2) 프로그래밍 언어 구사 능력\n(3) 개발 툴 사용 능력\n이 중에서 가장 중요한 것은 문제 해결 능력입니다. 문제를 해결할 수 없으면, 프로그래밍 언어 구사 능력도 개발 툴 사용 능력도 아무 소용이 없습니다. 문제 해결 능력은 많은 문제를 풀어 프로그램을 만들어 봄으로 해서 나만의 문제 해결 방법을 만들었을 때 갖추어 지는 것입니다. 따라서 프로그래밍을 배우고자 한다면 체계적이고 전문적인 학습을 해야 합니다. 그러면 누구나 프로그래밍을 할 수 있습니다.\n프로그래밍 언어나 프로그래밍을 배울 때는 C언어나 자바같은 프로그래밍 언어만 배우지 마시고, C언어나 자바로 하는 일인 프로그래밍을 먼저 공부하세요. 프로그래밍 언어만 배운 사람이면 프로그래밍 언어가 배우기 어렵다고 하고, 어려운 프로그래밍 언어를 한 권 내지 두 세권 책으로 공부를 마친 후에도 문제를 스스로 풀어 배운 프로그래밍 언어로 프로그램을 만들려고 하면 어디서 부터 시작하여 어떻게 해야 하는지가 막막하다고 합니다. \n왜 그럴까요? 프로그래밍 언어 책에 적힌 프로그램을 이해하기 위해서는 프로그래밍을 배워야 하는데 그렇지 않고 프로그래밍 언어를 배우고자 하기 때문입니다. 프로그래밍 자체는 어렵습니다. 프로그래밍은 문제를 풀어 컴퓨터가 처리하도록 하는 프로그램을 만드는 일이기 때문입니다.\n프로그래밍 언어 책에서는 문제를 풀어 프로그램을 만드는 것을 설명하지 않고, 문제를 풀어 해결책(알고리듬)을 만든 후에 컴퓨터가 처리하도록 하는 프로그램을 만들 때 프로그래밍 언어가 언제, 어떻게 적용되는지만을 설명합니다. 그래서 프로그래밍과 프로그래밍 언어를 재미있게 공부하고자 한다면 체계적이고 합리적인 학습을 해야 합니다.\n프로그래밍 언어를 배우기 전에 프로그래밍 언어로 하는 일인 프로그래밍을 먼저 공부하세요. 프로그래밍이 무엇인지, 어떻게 하는지, C언어같은 프로그래밍 언어가 언제, 어떻게 사용되는지 그리고 프로그램이 어떻게 작동하는지를 공부하세요. 또한 이러한 개념과 원리를 바탕으로 문제를 풀어 프로그램을 만드는 절차를 배우세요. 이러한 내용을 배우고자 하면, 다음 책들을 참고해 보세요.\n책들은 ""이렇게 하면 나도 프로그램을 잘 만들 수 있다(나프잘)"" 시리즈입니다.\n이렇게 프로그래밍을 이해했다면, 프로그래밍 언어를 배우세요. 무작정 프로그래밍 언어 책을 사고 동영상강의를 보면서 책에 적혀 있는 프로그램을 아무 생각없이 입력해서 실행시켜 보고 머리를 끄덕이고 외우는 방식보다 쉽게 재미있게 프로그래밍 언어를 배울 수 있습니다. 왜냐하면 왜 프로그래밍 언어를 배워야 하는지를 명확하게 이해했고, 프로그래밍 언어 책에 나온 프로그램이 어떻게 작성되었는지를 이해할 수 있고, 마지막으로 프로그래밍 언어 책에 제시되는 문제를 풀어 프로그램을 만들 수 있기 때문입니다.\nC언어를 공부하고자 한다면 다음 책을 참고해 보세요.\n책은 ""C를 배우면 함수를 잘 만들어야 한다""입니다.\n문법만 설명하는 것이 아니라 문제를 풀어 프로그램을 만들 때 C언어가 언제, 어떻게 적용되는지를 설명합니다. 특히 책의 처음부터 끝까지 C언어를 배우면 반드시 만들 수 있어야 하는 함수를 만들어서 사용하는 방법을 설명합니다.\n네이버 카페 ""프로그래밍을 배우자""에서 게시글과 동영상강의로 프로그래밍이 무엇인지, 어떻게 하는 것인지 그리고 C언어나 JAVA언어가 언제, 어떻게 사용되는지를 확인해 보세요. 그리고 프로그래밍과 C언어나 JAVA언어를 어떻게 배워야 할지를 생각해 보고 시작하세요. 그래서 시행착오를 줄이세요.\n독학을 하신다면 책을 읽는 방법을 바꾸세요. 책을 볼 때 바로 정독을 하지 마시고, 빠른 속도로 전체 내용을 훓어 보는 방식으로 여러 번 보고, 정독을 하십시오. 왜냐하면 모든 내용은 질문자 님에게 새로운 내용입니다. 따라서 어려울 수 밖에 없습니다. 그래서 최소한 책에 어떠한 내용이 담겨 있는지와 자주 사용되는 용어(혹은 개념)에는 익숙해야 정독을 할 수 있지 않습니까? 책의 줄거리나 용어에 익숙하기 위해서 빠른 속도로 전체 내용을 훑어 보는 방식으로 먼저 읽어 보시라고 권하는 것입니다.\n좋지 않은 프로그래밍 공부 방법이지만, C언어나 자바의 문법만 배우고자 한다면, 책을 훑어보기로 처음부터 끝까지 빠르게 3-4회 읽어 어떠한 내용인지, 자주 사용되는 용어들에 익숙해 지도록 하세요. 내용이 파악되고, 용어들에 익숙해지면, 처음부터 책에 실린 코드도 컴퓨터에 입력해 보면서, 컴퓨터가 없으면 공책에 적어 보면서 어떠한 문법이 언제, 어떻게 사용되는지를 외우세요. 이때는 ""왜 이렇게 할까"", ""어떻게 작동할까""라는 생각들은 하지 마시고, 외우세요.', '안녕하세요.\nIT 분야 전문 지식 iN 답변인\n범쌤 입니다.\n진로취업지도전문가로\n여러분들의 고민을 상담해드리고 있습니다\n질문에 성실히 답변드리겠습니다\n레드오션이 맞기는 하지만\n그만큼 인기가 많기 때문이죠\n웹개발, 빅데이터, 클라우드 등\n유망한 분야가 많지만 \n개발분야는 자기 역량에 따라 \n많이 좌우됩니다\n실시간 카카오톡 상담을 희망하실 경우\n아래 배너 클릭하셔서 문의주시길 바랍니다.\n지식iN을 보시고 문의주셨다고 하실 경우에\n[1:1 무료 맞춤 컨설팅]을 진행하고 있습니다.\n컨설팅을 통해 맞춤 자료도 무료로 제공해드리고 있는\n이벤트를 진행하고 있으니 편하게 문의주시길 바랍니다.\n존재하지 않는 이미지입니다.\n존재하지 않는 이미지입니다.', 'IT중에 요즘 어떤 직업들이 인기가 있고 전망이 좋은지 아래 포스팅을 통해 한번 알아보세요.\nhttps://blog.naver.com/designer_dh/222051164275\nIT 전망좋은 직업과 이유가 궁금하다 ! 그렇다면 연봉은?\n안녕하세요, 핸아쌤입니다.장마가 거의 일주일 내내 지속되서비만 계속 오다가 드디어 오늘맑은 ...\nblog.naver.com\nIT직업, 공부 등에 대해 더 궁금하신 점이 있으시다면 언제든지 아래 카톡으로 물어보세요.\nhttps://open.kakao.com/o/szoeVW8b\nKG인테리어뱅크 인테리어,자격증 상담\n#IT#KG아이티뱅크#인테리어#자격증#스케치#제도#캐드#3D#포토샵#일러스트#포토폴리오#취업#진로#진학#건축#설계\nopen.kakao.com', '프로그래머 중에서는 웹개발이 가장 유망직종이긴 합니다만\n해당 분야 현황만 보면 개발자는 비교적 레드오션인건 사실입니다\n반대로 빅데이터 AI인공지능 분야는 블루오션이지만 그마만큼 진입 장벽이 높지요\n본인의 능력만 뛰어나다면 레드오션이지만 웹개발자도.\n진입 장벽이 높지만 인공지능 분야도\n큰 리스크는 없을겁니다~\n검색해서 나온 광고성 답변이나 정확하지 않은\n추측성 답변만 보고 판단하여 혼자 결정하지 마세요\n본인의 진로에 관심이 있고\n생각이 있다고 하시면 전문상담은 필수입니다\n상담을 통해\n앞으로의 방향성과 지금 당장 준비해야할 것들\n또 어떤 공부부터 시작해야하는지를 파악하셔야합니다\n학생 개개인마다 놓인 상황이나 성향이 다 달라서\n검색에서 얻은 정보는 본인에게 맞지 않을 수도 있다는거죠\n자격증 및 포트폴리오 등 진학 및 취업에 필요한\n전반적인 부분들까지 서포트 해드리고 있습니다\n상담은 무료이니 부담 갖지 마시고 언제든지 연락 주세요\nhttps://open.kakao.com/o/sr2uKl7b\nIT진학,진로,취업 전문 상담 최수빈 교육팀장입니다\n#it진학 #컴공과 #개발자 #정보보안전문가 #it취업 #화이트해커 #sw전형\nopen.kakao.com\nhttp://no1.itbank24.net/#none\nKg아이티뱅크 IT전문 상담 및 교육문의\nKG아이티뱅크 부산점\nno1.itbank24.net\n아래는 IT정보 공유 카페입니다\nhttps://cafe.naver.com/32292044\n독컴사- 유망자격증정보,진학정보,취업... : 네이버 카페\n독하게컴퓨터하는사람들 - 컴퓨터 유망자격증 정보공유, 진학, 취업 정보 공유 카페\ncafe.naver.com', '안녕하세요! IT 진학, 진로 전문 상담 도원썜입니다~:)\n개발자쪽으로 진로를 생각중이신가보네요\n그중에서 웹개발자가 수요가 많습니다.\n웹개발자안에는 백엔드와 프론트엔드가있습니다.\n그중에 백엔드 부분이 더 수요가 많습니다.\n백엔드 개발자에대한 블로그가있어 소개 시켜드립니다.\nhttps://blog.naver.com/dotol0/222059658935\n백엔드 개발자 : 교육과 취업 루트 알아보기!\nIT관련 직업들을 이야기하다보면가장 먼저 그리고 가장 많이 나오는직업이 있습니다.프로그래밍 관련 직...\nblog.naver.com\n개발자로 진로를 생각중이시면\n프로그래밍언어 공부는 어느정도 하셨나요?\nIT관련 진학, 진로 관련으로\n개인의 상황에 맞추어 상담을\n도와드리고 있어요.\n또 궁금한점 있으시면\n문의는 이쪽으로 주세요!\nhttps://open.kakao.com/o/snmhTwoc\nIT진학, 진로 상담 도원썜입니다\n#4차산업혁명 #IT직업 #IT교육 #IT고등학교 #SW전형 #웹개발 #앱개발 #정보보안 #클라우드 #빅데이터\nopen.kakao.com\nhttp://itbank1.net/\nKG아이티뱅크\nIT 교육의 중심! 아이티뱅크에서 성공하십시오!\nitbank1.net', '안녕하세요. \n사실 어떤 직업군이든 레드오션이 존재합니다. \n본인에게 맞는 직업군을 선택하는것이 그것이 정확하고 전망있다고 할 수 있습니다. \n개발자라는 직업군이 \n누구에게는 레드오션이 될 수 있고 누구에는 블루오션이 될 수 있습니다. \n가장 중요한 언어인만큼 처음 배울때가 중요한데 독학으로 어떻게 할지 궁금하네요\nIT의 모든 기술은 모를때나 공부하다 막힐때 누군가에게 물어보고\n즉각 해결할수있어야합니다\n그래서 준비하는 모든 학생들이 교육기관에서 교육을 받거나 인강을 청취하고있습니다\n느낌이 오시나요?\n독학으로 할 만큼 만만한 분야가 아닙니다\n프로그래밍을 배우시려면 IT기초인 파이썬부터 시작하시는 것이 좋습니다.\nIT분야는 독학으로 하기 어려운 부분이 있어서 전문교육기관에서 배우시는 것이 좋습니다.\n프로그래밍언어를 배우시려는 목적이 취업이신가요?\n그렇다면 IT전문교육기관에서 기초부터 배우시는 것을 추천드립니다.\nIT분야에서 원하는 진로도 생각해보시는 것이 좋습니다.\n진로에 따라서 공부하는 내용이 달라지기 때문입니다.\n프로그래밍언어를 처음 배우신다면 Python부터 시작하시는 것이 좋습니다.\nPython은 프로그래밍언어의 기초이기 때문에 처음 배우시는 분들에게 추천드립니다.\nPython을 배우고나서 C언어->JAVA->JSP->SPRING 순서로 배우시면 좋습니다.\n어느 분야로 진로를 정하셨는지는 모르지만 대부분 이 순서대로 배우시고 있습니다.\n이런 교육과정은 독학으로 하기 힘든 점이 있어 전문교육기관에서 공부 계획을 짜서 학습하고\n있습니다.\n프로그래밍 언어에 대해서 간단하게 소개해드리겠습니다.\n1) Python: 오픈 소스를 제공하며 문법이 쉽고 간단해서 쉽게 배우고 익힐 수 있음.\n            다양한 표현법 사용으로 소스 코드의 길이가 매우 짧으며, 개발 시간을 단축할 수\n            있어서 개발자들이 선호하는 언어.\n            초보자부터 전문가까지 쉽게 접근할 수 있는 프로그래밍 언어로 다양한 플랫폼에서\n            활용 가능\n            다양한 라이브러리 지원으로 IT 전 분야에서 널리 사용되고 있음. \n2) c언어: 컴파일러나 소프트웨어 개발용 도구로 사용되는 언어\n           시스템 기술 언어로 개발\n           프로그램을 기계어 명령에 가까운 유형으로 직접 기술할 수 있으며 언어를 간단하게\n           하여 풍부한 표준 자료집을 갖게 할 수 있으며 연산자가 많고 다른 기종에 프로그램\n           이식이 쉬움\n3) Java: 객체 지향 프로그래밍 언어. 보안성이 뛰어나며 컴파일한 코드는 다른 운영체제에서\n          사용이 가능.\n4) JSP: Java Server Pages의 약자. 자바 서블릿 기술을 확장시켜 웹 환경 상에서 100% 순수한\n         자바만으로 서버 사이드 모듈을 개발하기 위한 기술\n5) SPRING: 오픈 소스 프레임워크. 엔터프라이즈 애플리케이션 개발의 복잡함을 해결하기 위해\n             만들어짐.\n             Java에서 DB작업을 편하게 해주는 프레임워크\n   IT분야의 직업이 어떤 것이 있는지 잘 모르시는 것 같아서 간단하게 소개해드리겠습니다.\n1) 프로그래머: 프로그램을 설계.개발, 유지보수를 하는 직업.\n                   직업의 수요가 가장 많고 취업이 쉬울 수 있다.\n                   경력이 올라갈수록 연봉이 높아지는 직업\n                   웹/앱, 소프트웨어 개발자\n2) 엔지니어: 시스템 엔지니어와 네트워크 엔지니어로 나눌 수 있음.\n                 시스템 엔지니어는 컴퓨터와 통신장비들을 시스템에 맞춰 설계.관리하는 직업으로\n                 서버에 대한 지식이 많이 필요해서 실무적인 부분을 알아야 함.\n                 네트워크 엔지니어는 전산망과 관련된 하드웨어.소프트웨어에 관한 네트워크 시스템\n                 분석.설계.구축에 관한 업무\n                 전체적인 네트워크 시스템 구조를 분석.평가하여 문제점과 개선책을 마련하는 직업\n3) 정보보안전문가: IT 분야에서 가장 최상위에 있는 직업으로 프로그래밍, 시스템, 네트워크&서버,\n                        데이터베이스를 배우고나서 정보보안 분야를 배워야 함.\n                        정보보안전문가가 되기 위해서 실무를 중점적으로 공부해야 함.\n                        정보보안전문가는 다시 5개 분야의 직업으로 나눌 수 있음.\n- 모의해킹전문가: 웹/프로그램을 임시적으로 해킹하여 취약점을 분석하고 작업하는 직업\n- 보안솔루션: 모의해킹을 통해 찾은 취약점을 보안.대비하는 직업\n                  모의해킹 쪽과 함께 팀을 이루어 같이 다님.\n                  확실하게 실무적인 부분이 뛰어나야 하는 직업  \n- 보안관제: 24시간 3교대로 모니터링을 통해 1차적으로 대응하는 직업\n- 악성코드분석: 유해한 코드나 프로그램을 분석하여 백신이나 보안프로그램을 만드는 직업\n                     V3.알약 등 악성코드를 예방하는 역할\n- 디지털포렌식전문가: 삭제되거나 손상된 데이터를 복원/복구하는 직업\n                             법적 증거물들을 수집하는데 많이 이용\n                             경찰청, 사이버수사대 등 국가기관 쪽에서 근무\n4) 데이터베이스관리자: 회사에서 사용하는 DB서버를 구축.유지보수관리하는 직업\n                               금융권이나 대기업으로 취업\n5) 빅데이터전문가: 얻고자 하는 데이터들을 식별하고 분석해서 노하우에 따라 원하는 결과를 얻고\n                         데이터 분석에 관한 솔루션을 만들고 자료를 통계까지 하는 직업\n                         은행이나 카드사 같은 금융권과 광고회사 및 정부나 공공기관에서 근무\nIT분야의 직업에 대해 소개드렸습니다.\nIT분야는 실무적인 부분이 중요하게 여겨지고 있습니다. 그에 따른 실력도 갖추어야 합니다.\n진로고민, 취업준비, 자격증 취득 등 IT분야에 꿈이 있지만 아는 것이 없어 막막하신 분들을 위해\n학력, 나이, 조건, 상황, 실력 등에 따라서 취업, 진학, 공부 방법을 무료상담을 통해서 맞춤형\n컨설팅을 해드리고 있습니다.\n프로그래밍 관련 책 \nHello Coding 프로그래밍\n- 프로그래밍 언어 입문서가 아닌 프로그래밍 기초 개념 입문서\n윤성우의 열혈 C프로그래밍\n- 윤성우 열형강의『C 프로그래밍』는 C언어에 대한 기본을 배울 수 있는 개론서이다.\nJAVA의 정석\n- 자바의 기초부터 실전활용까지 모두 담다\n 이것이 자바다\n-『이것이 자바다』은 15년 이상 자바 언어를 교육해온 자바 전문강사의 노하우를 아낌 없이 담아낸 자바 입문서이다.\nDo it! 점프 투 파이썬\n- 지난 10년간 온라인 독자들의 질문 댓글에 답변하며 쌓아온 저자만의 노하우를 초보자들이 이해하기 쉽게 풀어냈다.\n여러 이유로 시작을 망설이시거나 걱정이 많으신 분들께서는 부담 없이 무료상담을 받으셨으면\n합니다.\nIT직업에 대해 더 궁금하신 점이 있으시면 아래 연락처로 문의 남겨주세요.\n상담신청: www.happy-itbank.com\n오픈상담 : https://open.kakao.com/o/sIQvmT4\n전화상담 : 010-2317-9164', ""그 질문글 보고 왔는데 답변이 이상합니다.\n웹개발은 코딩이 아니고 앱개발은 코딩이라고 하는데 잘못된 답변이거든요.\n웹개발 직무는 보통 홈페이지 개발이라고 설명을 드릴 수 있겠지만 \n눈에 보이는 단순한 디자인을 하는건 웹디자이너라는 직무에서 하는 일이고\n그 디자인 요소와 상호작용 시 동작하는 보이지 않는 여러가지 복잡한 기능들을 개발하는 것이 웹프로그래머입니다.\n당연히 코딩이 빠질 수가 없는 직무인거죠.\n그러한 웹프로그래머도 다양한 프로그래밍 언어를 사용하여 웹프로그램을 개발하는 데\n그 중에서는 Java - JSP - 스프링 프레임워크를 다루는 웹프로그래머가 가장 수요가 많다고 생각됩니다.\n보통은 '웹 개발', '전자정부 프레임워크' 등의 용어를 포함하는 교육과정들이 이에 해당합니다.\n디자인적인 요소는 거의 다루지 않아도 되기 때문에(물론 혼자서 다하는 풀스택 개발자는 디자인도 합니다;;)\n디자인쪽으로 문외한이신 분들도 다 배우실 수 있습니다. \n기초적인 웹디자인(디자인이라고 하기에도 부끄..) 정도는 웹 프로그래밍 공부하실 때 함께 배우니까요.\n꼭 웹프로그래밍이 아니더라도 Java(자바) 와 Spring Framework(스프링 프레임워크)를 조합한 응용프로그램 \n혹은 솔루션 개발(ERP 등) 쪽으로도 취업이 가능하기 때문에 채용 빈도가 매우 높습니다.\n웹개발이 레드오션이라고 하는데  이미 사업체도 많고 개발자도 많은건 맞지만\n그만큼의 프로젝트 수요가 있어서 채용 수요가 많고, 그에 따라 채용을 많이 하는 것도 맞습니다.\n앱개발의 경우 레드오션은 둘째치고 소규모 개발이 가능한 프로젝트가 많아서\n1인 개발자도 많이 있기 때문에 어떤 회사에 소속되지 않고서는 적당한 스킬로 살아남기가 많이 어렵구요\n회사 직원으로 채용을 한다 하더라도 앱개발만 가능한 직원을 뽑는 경우가 적습니다.\n일반적인 기업에서는 웹개발과 앱개발을 같이 할 수 있는 형태의 직원을 뽑기는 합니다.\nAI, 빅데이터는 사실 유망하다고해서 취업을 쉽게 할 수 있는 분야도 아니고\n취업 한다고 해도 어정쩡한 실력으로는 뭘 할 수 조차 없는 직종이기도 하구요\n다만, 빅데이터의 경우 R이나 파이썬 등의 언어를 활용해서 수집하거나 하는 프로그램을 개발할 수도 있습니다만\n그 외적으로는 통계나 이런 분야로도 이해도가 요구되기 때문에 웹보다 난이도가 높은 분야에 속합니다.\nAI 도 마찬가지구요.\n경력자 입장에서 봤을 때 웹개발 교육 과정을 통해 취업해 보시는 것도 나쁘진 않다고 생각됩니다."", '만나서 반갑습니다.\n저는 ITBANK 6년차 근무하고 있는 교육팀장입니다\n궁금해 하시는 IT분야 관련 취업 공부방법에 대해서 설명 드리겠습니다.\n현재 질문자님 상황이나 나이 등  알수가 없어 정확한 답변이 힘듭니다.\n질문내용을 보니 정보가 매우 부족해보입니다.\n개발파트는 블루오션도 아니고 레드오션도 아닌 전산이 들어가는 산업에는 \n필수적으로 필요한 부분이기 때문에 이미 필드에서의 시장성은 안정화가 되었습니다.\n그렇기 때문에 수요가 꾸준히 늘어나고 있고 필수불가결이 될수 밖없습니다.\n그리고 AI, 사물인터넷 같은 최근 이슈화되고 있는 분야는 \n이제 막 대기업에서 연구들어가는 단계이기 때문에 \nr&d 연구파트로 밖에 진출할수 없는 상황입니다.\n그렇기 때문에 시작점 자체를 이를 기반으로 한 개발단계부터 시작해야합니다.\n이러한 기업동향과 공부방법 등을 알아보기 위해 it전문교육기관을 방문하셔서\n알아보는 것입니다.\n인터넷검색으로는 절대 알수 없습니다.\n교육기관에서 하는 업무가 이러한 기업체 동향파악을 연구하여 수강생들이\n효율적으로 취업할수 있게 도와주는 것입니다.\n직무와 직업 종류는 여러가지가 있습니다.\n웹개발자, 모바일 앱 개발자 같은 경우 \n모바일과 스마트폰, 서버, PC 등다양한 환경에서 실행되는 프로그램을 개발하고\n복잡한 컴퓨터의 작동과정을 컴퓨터가 인식할 수 있는 언어로 미리설계함으로써 \n사용자들에게 편의를 제공하는 업무를 합니다.\n클라우드 서버관리자\n클라우드 기술에 대응해 기업의 클라우드컴퓨팅 아키텍처를 관리하는 책임자입니다.\n이제 모든 기업은 기본적인 서버를 구입하거나 대여하거나 따로 구축을 하지 않고 전부다 \n가상화 시키기 때문에 이 부분에 대한 학습이 필요합니다.\n물론 기본적인 리눅스서버와 윈도우 서버에 대한 구축과 서비스 능력이 있어야하고\n네트워크에 대한 구성과 클라우드 가상서버에 대한 구현능력이 필요합니다.\n자격증은 클라우드 아키텍쳐 자격증이 있습니다.\n네트워크 엔지니어\n라우터 스위치 네트워크 장비를 이용해서 네트워크 망 설계 구축 유지보수 관리를 \n하는 업무입니다.\n관련 자격증은 ccna ccnp 자격증이 있습니다.\n각각 직업의 직무파악과 공부순서 절차 기업에서 원하는 인재 등\n아무런 계획이 없어보입니다.\n이제 자격증 한두개 있다고 취업되는 시대는 끝났습니다.\n각 직무에 있어서의 라이센스 뿐 아니라 이를 증빙할수 있는 직무기술서와 \nA4용지 80에서 120페이지 사이의 보고서형식으로 된 포트폴리오가 없으면\n동네 회사도 이력서 내기 어려운 시대입니다.\n취업률이 높고 안높고는 님이 만들어 가는 것입니다.\n그 부분에 대한 파악이 중요하고 이에 맞는 공부계획을\n세우는 것이 가장 우선적으로 해야할 일인 것 같습니다.\n각 직무에 대해 파악해야 하고 해야할 과정들이 조금씩 다릅니다.\n이러한 세부적인 공부계획이 없으면 공부하나 마나입니다.\n이러한 부분부터 전문적인 상담과 컨설팅을 받는 것이 우선입니다.\n님 또래 친구들이 어떻게 준비하고 있는지\n그리고 IT분야 파트에 대한 공부순서 과정 그리고 기업에서 원하는 인재는\n어더한 인재인지 앞으로 진학에 대한 확률을 높이는 법과 직무력에 대한 스킬업 등\n꼼꼼히 계획부터 짜야합니다.\n독학은 현실적으로 불가능합니다.\n독학으로 하면 왜 안되냐구요? 설명드리겠습니다.\n관련 서적 무진장 많습니다. 요새는 책들이 아주 잘 나옵니다.\n뭐 아무거나 본인입맛에 맞는 거 사면됩니다. (네트워크, 운영체제, 프로그래밍 등에 대한\n책부터 시작해야하고 다 사면 10여권 됩니다.)\n책보다가 모르는 부분이 1개 2개 책 장 넘길수록 5개 10개 이런식으로\n늘어날 것입니다.\n이에 대한 피드백을 어떻게 받으실 예정이십니까?\n아마 대충 넘어가다가 그냥 혹은 암기만 하다가 걷잡을 수 없는 상황이 되면\n스스로 한달못가 포기하게 되는 경우가 허다합니다.\n책좀 보다가 모르는 용어들이나 모르는 예제들이 하나 둘씩 나올테고 처음에는 의욕이 있으니\n인터넷 찾아가면서 밤새면서 혹은 네이버 지식인에 물어가면서 할 수 잇습니다.\n그게 한 60페이지 정도 되면 걷잡을수 없이 많아집니다.\n주의에 피드백을 받을 곳도 없고 왜 이걸해야하는지 어떻게 활용되는지 모르고\n하다보면 대충 넘어가게 되겠죠? 그러다가\n나 안해... 그러고 포기입니다.\n질문자님이 좀더 자세한 정보와 도움을 원하고 위에서 얘기 한 바와 같이 자신에 대해 진단이\n필요하고 자신에게 가장 알맞은 공부 방법과 계획에 대해 알고 싶다면 번거롭더라도 카톡친추\n하시고 정확하게 도움 받아 보시는게 좋을거 같습니다.\n지금 질문자님에게 가장 필요한건 질문자님의 상황에 맞는 최적화된 공부방법과\n세부적인 취업진로에 대한 컨설팅이 반드시 필요합니다.\nIT관련 취업과진로에 대한상담이나 공부법 자세한상담 받아보고 싶으시면\nhttps://open.kakao.com/o/s43Ywex 참고하셔서 질문해 주시기를 바랍니다.\nIT 전문 컨설턴트 건웅쌤\n안녕하세요~! IT 전문 컨설턴트 건웅쌤입니다. IT 프로그래밍, 정보보안, SW 특기자 전형, 대입대비, 고등학교 입시, 서버/시스템, 네트워크, C언어, 파이썬, 자바 등등 다양한 IT 커리큘럼을 상담해드립니다. 전화문의 : 02-3676-3941 카톡 : terry9878\nnaver.me']",10,https://kin.naver.com/qna/detail.naver?d1id=4&dirId=40608&docId=365411787&qb=67Cx7Iug&enc=utf8&section=kin&rank=60&search_sort=3&spq=0,"컴퓨터, 프로그래밍"
7,2020.08.16,[],컴퓨터 악성코드,아이튠즈로 폰 백업을 노트북에 3년전에 시켰었습니다. 그리고 제가 공기계로 토렌트를 사용하고 있었는데 폰과 컴퓨터를 연결해 다운받은 영상을 폰으로 옮기기만 했는데 혹시 이로인해 제 컴퓨터가 악성코드를 먹고 제 폰 백업 데이터가 유출될 가능성이 있나요?? 컴퓨터는 삼성입니다.,"['일단 한가지 기억하셔야 할 것이 있습니다.\n특정 시스템을 사용한다고 다 감염되는게 아닙니다. 그리고 특정 제조사의 기기를 사용한다고 문제가 생기는 것도 아닙니다.\n문제가 생기는 것은 부품의 불량이 아닌 이상에서는 사용자의 사용패턴에 따라 문제가 나타날 수 있는 것 입니다.\n질문자님의 문의내용으로 볼 때 토렌트를 사용해서 바이러스에 감염될 수 있는가? 라는 요지로 보입니다만\n지인들은 수년째 토렌트를 사용하고 있지만 아직 감염에 대한 말을 들을 수 없습니다.\n이는 pc생존시간표라는 개념이 오래전에 있었습니다. 한국인터넷진흥원이라는 사이트에 접속하면 첫화면에 나와 있었던 시간표 였습니다.\n이게 뭘 의미하냐면 아무런 안전장치 없이 사용시 it기기가 얼마동안 정상작동을 할 수 있는가?를 알려주는 시간표였습니다. 그 시간이 30분 내외였습니다.\n질문자님의 문의내용에 오류가 있다는 것 입니다. \n특정 시스템을 사용한다고 바이러스에 감염된다? 이는 어디까지나 바이러스에 대한 오해를 하고 있기 때문입니다. \n사람이 감염되는 바이러스는 생명력이 있어서 살아서 감염을 시키기도 감염이 되기도 합니다.\n하지만 it에서 말하는 바이러스는 생명력이 있는게 아니라 프로그램 입니다. 프로그램은 사용자가 실수든 아니든 어쨌거나 시작을 해야 작동을 합니다.\n따라서 토렌트를 사용했기 때문에 바이러스에 감염되는게 아니라 바이러스가 감염된 파일을 받았기 때문입니다.\n토렌트 자체가 바이러스와는 아무런 상관이 없고 그걸 악의적으로 이용하는 사람 때문에 문제가 되는 것 입니다.\n이때 안전장치(백식, 방화벽)를 같이 사용하고 있다면 심각한 바이러스나 악성코드 또는 최신 바이러스가 아니라면 왠만한 것은 걸러낼 수 있습니다.\n또한 기기도 특정 제조사의 기기를 사용해서 문제가 되는게 아니라 어떤 기기든 바이러스가 우글거리는 환경에 안전장치 없이 들어간다면 이는 감염 되는 것 입니다.\n어제 하루 종일 코로나로 문제가 심각했죠? 바이러스가 확산되는데 사람들이 모였기 때문인데 마스크(안전장치)없이 모인 사람들이 있었거나 마스크를 했지만 걸치고 있어서 마스크의 효과를 보지 못한 사람들이 감염되었다는 것 입니다. 이 부분을 이해하신다면 답변이 될 것 입니다.\n다시 말씀드리지만 특정 시스템을 이용한다고 무조건 바이러스에 감염되는게 아니라 사용자 습관이 바이러스가 우글거리는 곳을 아무런 안전장치 없이 접속한다면 이는 뻔한 결과만 있을 것이고 안전장치를 하더라도 최신 바이러스의 경우 백신이 업데이트가 안된 상태라면 얼마든지 감염이 됩니다.\n그리고 특정 제조사의 기기를 사용한다고 안전? 불안전?을 보장하는게 아니라 조립이든 슈퍼컴이든 사용자가 잘못사용하면 문제는 언제든지 생긴다는게 답변이고 감염 여부는 글로써 알 수 있는 전문가는 아무도 없습니다.\n이상여부는 질문자님의 기기를 점검해서 결과에 따라 답변이 가능한 부분 임을 이해하시기 바랍니다.']",1,https://kin.naver.com/qna/detail.naver?d1id=1&dirId=101&docId=365408557&qb=67Cx7Iug&enc=utf8&section=kin&rank=61&search_sort=3&spq=0,"컴퓨터, 하드웨어"
7,2020.08.16,[],어릴 때 수두를 앓았던 경우 대상포진 예방접종이 의미가 있나요?,"7살에 수두를 앓았던 30대 중반입니다.
대상포진이 걸리면 정말 많이 아프다고 들었는데
같은 vzv가 잠복했다가 일으키는 거라고 해서요...

근데 제가 입가에 hsv도 1년에 서너번씩 튀어나오는 걸 보면
면역력이 그다지 좋은 것 같지도 않아서 종종 걱정이 됩니다.
(밤샘이 잦은 일을 하거든요)

물론 당장 백신을 맞을 건 아니지만 40대 중후반 쯤엔 고민을 해보려고요ㅋㅋ

궁금한 점은
1. 수두를 앓아서 이미 바이러스를 가지고 있는 경우에도
대상포진 예방 접종은 의미가 있나요?


2. 만약 의미가 있는 거라면
백신이 어떤 방식으로 대상포진의 발병 확률을 낮춰주는 건지가 궁금합니다.
어릴 때 수두에 걸렸던 경우 항체가 사라졌을까봐 되새겨주는 건가요?
그렇게 하면 바이러스가 활성화되는 일이 생기더라도
몸에서 그에 대응하는 면역 반응이 빠르게 일어나서
대상포진까지 발전하기 어렵도록 억제를 할 수 있나요?

호기심이 들어서 질문드립니다.","['1. 네, 그렇습니다.  ^0^,  2. 몸의 면역력 향상을 위해서, 규칙적인 식생활 습관과, 적당한 운동, 충분한 수면과 휴식이 필요합니다.    ^0^    ^-^,     ', '안녕하세요. 성남 수진역 4번출구에 위치한 산부인과에서 여성 곤지름(콘딜로마, 생식기사마귀)을 중점적으로 치료하는 산부인과 전문의 변재광 입니다.\n대상포진 예방접종은 1회 접종으로 60~70%의 예방효과가 있는 것으로 알려져 있으며, 신경통 발생 가능성 역시 60% 정도 감소시키는 효과가 있습니다. 따라서 미리 대상포진 예방접종을 한 사람이라면 대상포진을 앓더라도 더 가볍게 앓고 지나갈 수 있습니다.\n대상포진 접종은 대상포진에 걸리지 않았던 사람의 예방효과도 있지만 일정 정도는 대상포진에 걸렸던 사람의 재발을 막아주는 효과도 있는 것으로 알려져 있습니다 대상포진은 수두바이러스가 신경세포에 잠복해 있다가 면역력 악화 등의 원인에 의해서 재활성 되어 증식되면서, 피부에 수포를 동반한 발진 증상이 나타나는 질환입니다. 대상포진은 주로 과거에 수두에 감염 되었던 사람에게서 나타납니다.\n수두와 마찬가지로 치료법은 없지만 4주정도 지속하다 자연치유가 되며 경도가 심한 경우 의사 처방인 항바이러스제 1주일간 복용으로 바이러스 활동기간을 단축 시켜 빠른 치유 및 후유증인 신경성 통증 경감에 도움이 됩니다.\n대상포진은 극심한 통증 때문에 악명이 높고, 흉터나 신경통, 발진 부위에 따라 시력 저하 등의 후유증을 남길 수 있어 예방과 조기 치료가 매우 중요합니다. 피로 누적이나 스트레스 등으로 인해 면역력이 약화될 때 생기기 쉬우므로 평소 건강 관리가 중요합니다. 재발방지를 위해 적절한 운동과 균형 잡힌 식습관, 규칙적인생활, 과로와 과음, 과식, 스트레스를 피하는 등 신체 면역 기능을 꾸준히 강화 하는 것이 좋습니다.\n예방접종으로 모든 질병을 100% 예방할 순 없지만, 지금까지 증명된 가장 효과적인 예방방법임에는 분명합니다. 따라서 감염성 질환에 취약한 만성질환자의 경우 접종이 필요한 시기별로 적극적으로 백신을 접종해야 하며, 규칙적인 식생활과 충분한 운동, 정기 건강검진을 거르지 않고 꾸준히 받는 등 평소 건강관리에 신경쓰는 것이 중요합니다.\n답변이 도움이 되었길 바랍니다.\n감사합니다.']",2,https://kin.naver.com/qna/detail.naver?d1id=7&dirId=7010107&docId=365403771&qb=67Cx7Iug&enc=utf8&section=kin&rank=62&search_sort=3&spq=0,감염내과
7,2020.08.16,"['지식iN동영상질문', '동영상질문']",[스팀] 배틀그라운드 실행오류 [내공1000],"[??] ?????? ???? [??1000]
재생 수
134
00:00 | 00:32
화질 선택 옵션
자동

아무리 실행을할려해도 반응이없네요.. 내공1000겁니다/..",['백신 안쓰고 계신다면서 쓰고계시네요\n아래 내용대로 따라서 지우고 다시 배그켜보시기 바랍니다.\n2020년 6월 19일 Avast 백신으로 인해 무반응이 되는 문제를 확인 했습니다.\n무반응이신 분들 중에 Avast가 설치되어있고 실제로 이 백신을 쓰신다면\n실시간 검사를 잠시 일시정지를 하시고 쓰시거나 예외처리를 해서 쓰시기 바라며\n직접 설치하지 않았는데 어떤 것으로 인해 설치가 된 경우 제거하시면 됩니다.\n제거방법\n윈도우 키 혹은 화면의 맨 왼쪽 아래에 있는 윈도우 모양을 한번 누르신 다음\nappwiz.cpl를 검색하시고 appwiz.cpl 나온 것을 누릅니다.\n(이상한 것 나오는 경우 수동으로 제어판 - 프로그램 및 기능 들어갈 것)\n여기서 Avast 라고 써진것을 찾아서 제거하시면 됩니다.\n2020 - 7월경 추가적으로\nAvast이 인수한걸로 알고있는 AVG 백신도 문제가 있는 것으로 확인되었습니다.\nAVG도 있으시면 지우시기 바랍니다.'],1,https://kin.naver.com/qna/detail.naver?d1id=2&dirId=213&docId=365403380&qb=67Cx7Iug&enc=utf8&section=kin&rank=63&search_sort=3&spq=0,인디게임
7,2020.08.16,"['핸드폰', '해킹', '바이러스']",핸드폰에서 음악과 목소리가 들려요.해킹?,"가끔씩 핸드폰에서 음악과 남자 목소리?가 들려요
최근엔 안그랬는데 이상하게 요즘
1분도 안되서 바로 소리가 나고..
한번이라도 터치를 하면 바로 소리가 멈추긴해요
근데 좀 무서운게 남자목소리가 외국인이 러시아어?로
뭐라고 하는 소리고 어떨땐 구글에서 핸드폰 업데이트하라고 해요(소리만 나는 경우도 있어요)
또,갑자기 트위치에서 방송하는 외국인 방송이
켜지기도하고,외국인 방송하는 소리?가 들리기도해요
제 생각엔 트위터를 깔고나서부터 그러는 것 같은데..
아니겠죠?
암튼 소리때문에 깜짝깜짝 놀라서 질문해요
해킹인가요?아니면 바이러스?","['안녕하세요.\n제가 봤을땐, 해킹은 아닌것 같습니다.\n아마 휴대폰을 이용하시는 도중에 광고앱이나\n이상한 앱이 설치되신게 아닐까 싶습니다.\n휴대폰도 알약등 백신 프로그램이 있으니까요,\n다운받으셔서 휴대폰 검사도 한번 해보시고\n바이러스나 악성코드가 검출되면 삭제하시면 \n괜찮으실것 같습니다.\n이외에 컴퓨터, 자격증, 취업분야에 궁금하신점이나 문의사항있으시면\n제 프로필을 통해서 연락주세요 친절하게 답변해드리겠습니다.\nhttp://goodjobacademy.co.kr/\n굿잡아카데미컴퓨터아트학원 서종건\nPrevious Next pused 수강료조회 여름방학특강조회 국비과정조회 온라인상담 위치안내 온라인결제 카톡상담 02-522-6237 주말·공휴일 상담 및 접수가 가능합니다. Student Portfolio 수강생 포트폴리오 편집디자인 아트웍 인테리어 영상/모션/CG 웹 Goodjob Story 다양한 굿잡 이야기 GOODJOB Facility 감각적인 인테리어시설과 최신시스템 사양을 갖춘 교육시설, 동종업계 최고를 자부합니다. Previous Next\ngoodjobacademy.co.kr\n제 답변이 도움되셨다면, 채택 부탁드립니다 :D']",1,https://kin.naver.com/qna/detail.naver?d1id=1&dirId=1070402&docId=365400310&qb=67Cx7Iug&enc=utf8&section=kin&rank=65&search_sort=3&spq=0,안드로이드폰
7,2020.08.16,[],온라인 수익 원리가 궁금합니다.,"1.단순히 광고보고 영상끝까지 보면 수익이 나는 원리가 뭔가요?
광고를 보고 뭔가를 사지 않아도 수익이 배분되는 원리가 궁금합니다.
2.요즘 광고하나를 6초로 해서 스킵못하게하고 2개로 늘린거는 그만큼 유튜버들이 많아져서 그런걸까요?
3.국내유튜버들이 많아지니까 그들의 총 구독자수도 많아지는데 해외구독자수를 제외한다고 해도 적지않을 것 같습니다. 요즘 월평균 시청시간이 30시간이 넘는다는데 앞으로도 유튜버 하겠다는 사람은 늘테고 그러면 사람들이 유튜브를 시청하는 시간이 점점 늘어나겠죠?
4.소비자와 판매자를 연결해주는 시장플랫폼은 초기에 어떻게 뜨게된건가요? 거기에서 사면 할인혜택이 있다고 하는데 결국 커뮤니티를 만들고 그 사이에서 수수료얻어서 돈버는 거면 판매자가 손해아닌가요?","['1.단순히 광고보고 영상끝까지 보면 수익이 나는 원리가 뭔가요?\n광고를 보고 뭔가를 사지 않아도 수익이 배분되는 원리가 궁금합니다.\n-> 광고를 보는데에 그치지 않고 해당 사이트를 클릭하여 들어가면 \n시청자와 광고가 상호작용이 이루어졌다고 판단하여 유튜버에게 분배되는 수익도 더 높아집니다 \n이렇게 상호작용을 하지 않아도 \n30초 이하의 광고는 끝까지 시청, 30초 이상의 광고는 최소 30초를 시청해줘야 \n유튜버에게 광고수익이 들어옵니다. 단순 영상 시청만으로는 수익이 나오지 않습니다 \n시청자가 영상 앞이나 중간이나 끝에 나오는 광고를 봐줘야 수익이 발생합니다.\n  이것은 유튜브가 광고주를 모집하여 광고주가 만든 광고를 유튜브 시청자들에게 보게만들면 \n광고주는 그 댓가로 광고집행비를 유튜브에 지불하고 유튜브는 이 금액을 유튜버와 나눠 갖습니다 \n유튜브라는게 유튜브는 플랫폼일 뿐이고 실제로 영상을 올려서 시청자들에게 광고를 보게 하는 것은\n유튜버들이기 때문에 유튜버들에게 수익을 나눠주지 않아서 유튜브에 영상을 올려도 영상을 올리는 입장에서\n아무런 이득이 없다면 광고를 끼워 넣어서 보게 만들 영상들이 더 이상 올라오지 않을것이기 때문에\n유튜브도 유튜버와 수익을 나눌 수 밖에 없습니다.\n유튜브는 유튜버들이 영상을 올릴 공간을 제공하는 역할이고 유튜버들은 영상을 공급하는 역할입니다 \n그냥 광고만 주구장창 틀어주면 사람들이 안보지 않겠습니까?\n광고를 많은 사람들에게 노출시키려면 사람들이 이것을 자연스럽게 보게 할 구실이 필요한데 \n그 구실을 유튜버들이 올리는 영상들이 해주는겁니다 \n2.요즘 광고하나를 6초로 해서 스킵못하게하고 2개로 늘린거는 그만큼 유튜버들이 많아져서 그런걸까요?\n-> 건너뛸수 없는 광고는 5~6초 정도로 짧지요 15초 정도로 긴 건너뛸수 없는 광고도 있습니다\n이 건너뛸수 없는 광고는 예전부터 존재했고\n 이것은 유튜버가 설정을 통해 건너뛸수 없는 광고만 나오게 설정할수도 있습니다.   \n어느 시점부터 영상 시작전에 2개씩 나오는 경우가 많은데 \n사실 영상에 광고를 붙여도 5초있다가 건너뛰는 사람들이 광고를 봐주는 사람보다 훨씬 비율이 많기 때문에 \n유튜브 입장에서 광고주에게 수익을 받으려면 어쩔수가 없는 부분이기도 합니다 \n유튜브는 기업이고 기업은 이윤을 추구하는게 목적입니다. 어쩔수가 없습니다 \n유튜버들이 증가해서라기 보다는 유튜브 시청자들이 증가해서라는게 더 자연스럽고 \n광고를 건너뛰는 사람들이 더 많기때문에 \n실제로 광고가 집행되는 비율이 적기 때문이라고 보는게 맞을 듯 하네요\n3.국내유튜버들이 많아지니까 그들의 총 구독자수도 많아지는데 해외구독자수를 제외한다고 해도 적지않을 것 같습니다. 요즘 월평균 시청시간이 30시간이 넘는다는데 앞으로도 유튜버 하겠다는 사람은 늘테고 그러면 사람들이 유튜브를 시청하는 시간이 점점 늘어나겠죠?\n-> 유튜버들은 영상을 공급하는 역할이고 \n공급이 많이 늘어나면 보는 사람입장에서도 볼게 다양하고 많아집니다 \n볼게 많아지면 시청시간도 점점 늘어나겠지요~ 그리고 코로나 사태가 장기화 됨에 따라 \n오프라인 활동이 장기간 제약 되고있고 앞으로 코로나 백신이 나오지 않는다면\n이런 추이는 계속 되겠네요\n4.소비자와 판매자를 연결해주는 시장플랫폼은 초기에 어떻게 뜨게된건가요? 거기에서 사면 할인혜택이 있다고 하는데 결국 커뮤니티를 만들고 그 사이에서 수수료얻어서 돈버는 거면 판매자가 손해아닌가요?\n-> 판매자는 대신 구매자를 직접 일일이 힘들게 찾지 않아도 시장 플랫폼을 이용함으로써  \n쉽게 구매자와 컨택이 가능합니다. 그러므로 꼭 손해라고 볼수는 없지요 \n      ']",1,https://kin.naver.com/qna/detail.naver?d1id=1&dirId=10604&docId=365397480&qb=67Cx7Iug&enc=utf8&section=kin&rank=67&search_sort=3&spq=0,커뮤니티
8,2020.08.16,"['#랜섬웨어', '#지식인카드']",랜섬웨어 걸린거 같은데 ㅜㅜ 어떡하죠,ㅜㅜㅜㅜㅜ,"['랜섬웨어 감염이 되면 파일이 암호화되어 내용을 알아볼 수 없게 바뀌게 됩니다. 감염된 파일 암호해독(복호화) 복구를 해야 되는데 현재 대부분 복구 툴이 없고 일반적인 데이터 복구 방법으로는 불가능합니다. \n해커가 원하는 데로 비용을 지불하고 암호해독 소프트웨어를 받아서 복구하면 되지만 이게 또 만만치 않은 비용 때문에 쉽게 할 수 있는 게 아니기에 대부분 포기하시는 경우가 많습니다. \n꼭 복구를 해야 된다면 어쩔 수 없이 비용을 지불하고라도 해야겠지만 그게 아니라면 포기를 하는 것이 좋습니다.\n랜섬웨어 바이러스에 감염이 된 파일들은,복구업체에 맡겨도 시간이 많이 소요되며,복구률도 채 25%미만입니다.그리고 복구비용은 최소 50만원이\n넘어 1000만원 내외의 비용이 들어가게 됩니다. \n랜섬웨어 감염 시 대처 방법은 아래 링크 드리는 제 블로그 내용을 참고하셔서 도움되시기 바랍니다.\n랜섬웨어 감염 대처 방법.\n랜섬웨어 감염이 되면 파일이 암호화되어 내용을 알아볼 수 없게 바뀌게 됩니다. 감염된 파일 암호해독...\nblog.naver.com\n랜섬웨어 모든 것 .\n랜섬웨어는 시스템 혹은 파일의 접근 및 실행 권한을 볼모로 잡아서 금액을 요구하는 사이버 공격의 일종...\nblog.naver.com', '질문자님께서 감염되신 랜섬웨어는 Magniber Ransomware (매그니베르) 입니다.\n해당 랜섬웨어는 답변일 기준으로 무료 복호화툴이 존재하지 않습니다.', '1. ㅜㅜ  랜섬웨어는 암호체계가 아주 복잡해서 아직 수리점, 복구업체, 백신업체등에서 문제를 해결할 수 없어요. 해커에게 암호키를 받아야만 암호를 해제 할수 있어요. 랜섬웨어를 복구하는 업체도 암호키를 받아서 하는 것이며 아직은 다른 프로그램으로는 암호를 해결할 수는 없어요. \n2. 중요한 자료가 있어서 꼭 복구를 해야한다면 해커에게 많은 돈을 주고 암호키를 받아서 문제를 해결하는 분들도 있지요. 또는 국내에서 대행해주는 업체를 이용하여 암호를 해제 해야 합니다. 상당히 비싸더군요. 100~700만원 정도..ㅜㅜ 요새는 비용을 줘도 암호키를 받지 못하는 경우가 많습니다. 자세히 알아보고 진행하세요. \n3. 데이터복구회사를 이용하여 복구하는 방법이 있는데 암호가 걸리지 않은 영역에서 복구를 하는 것이라서 최근 자료는 복구되지 않을 가능성이 많습니다. 최근 자료가 필요하면 복구회사를 이용하기 보다는 해커에게 돈을 주고 암호키를 받는 방법이 좋고 예전 것이라도 있으면 도움이 되면 복구회사를 이용하세요. 해커에게 주는 비용보다는 낮게 책정되어 있습니다.\n4. 복구를 하지 않기로 결정한 경우 암호된 파일을 삭제하면 되지만 숨어있는 파일이 있을 수 있기 때문에 먼저 백신으로 치료를 하세요. 그리고 파일을 열어서 잘 열리는 파일은 별도의 매체에 저장하세요. 정상 파일을 백업한 후에 윈도우와 프로그램을 다시 설치하는 것이 안전합니다. 랜섬웨어는 사용자가 만든 파일(문서, 사진, 압축파일, DB, 그림파일..)을 암호화합니다. 윈도우나 프로그램은 실행됩니다. 어떤 방법을 사용할지 잘 결정하고 그 후에 작업하세요. 미리 다른 작업을 하면 복구가 더 어려워집니다 \n5. 확인되지 않는 사이트와 이메일을 열어보지 마세요. 프로그램 설치한 후에는 백신을 꼭 설치하세요. 요새 랜섬웨어가 많이 퍼지고 있어요. 인터넷을 사용할 때 주의하세요. \n6. 랜섬웨어는 백업을 하여 데이터를 잃지 않도록 하세요. 백업으로 대비 하지 않으면 늦습니다. 천천히 문제 해결하세요. \n참조: https://blog.naver.com/gm-data/221393385235']",3,https://kin.naver.com/qna/detail.naver?d1id=1&dirId=11002&docId=365340474&qb=67Cx7Iug&enc=utf8&section=kin&rank=71&search_sort=3&spq=0,바이러스
7,2020.08.16,"['검색질문', '통합검색궁금증', '통합검색질문하기']",YXPXNYUS 파일(.yxpxnyus),YXPXNYUS 파일(.yxpxnyus)이 뭔가요? 갑자기 컴퓨터에 있는 모든 파일이 이 확장자로 바뀌면서 열리지 않아요. 바이러스인가요? 해결방법은 없나요?,"['현재 사용자님이 걸리신 바이러스는 랜섬웨어로 확인됩니다.\n인터넷 검색 결과, 없는 랜섬웨어로 확인되어 신종 아니면 단종 으로 확인되는데요.\n파일을 백업하시거나 포맷밖에 없습니다.\n파일을 백업하시면,(이미 확장자가 변경한 파일) 혹여 랜섬웨어 제작자가 잡혀서 복구툴이 공개되었을 경우,\n복구가 가능하오니 백업하시는게 가장 좋은 방법이긴 합니다.', '바이러스가 맞습니다. 하지만 아직 이 바이러스에 대해 알려진 내용이 없습니다. 백신을 설치하시고 사용하여 검사하신 뒤, 포맷하시는 것을 추천드립니다.']",2,https://kin.naver.com/qna/detail.naver?d1id=1&dirId=11002&docId=365359351&qb=67Cx7Iug&enc=utf8&section=kin&rank=70&search_sort=3&spq=0,바이러스
7,2020.08.16,[],러시아 코로나 백신,"현재 러시아 코로나 백신은 3상 실험을 하지 않아 아라비아 쪽을 중심으로 3상 실험을 한다던데, 만약 그게 성공이 되면 이번 년도에 12월 안에 마스크를 벗게 될까요? 아니면 성공이 되는데 내년까지 걸리는 건가요?","['러시아 백신이 출시가 되자마자 바로바로 국내로 들어오는 것은 아니고요, 좀 국내로 들어오려면 시간이 좀 걸릴 것으로 예상됩니다. 그리고 국내로 들어와도 그 백신이 정말 모든 국민들이 다 접종할 수 있을 정도의 백신은 아닐 것으로 예상돼서 대량생산을 또 해서 접종을 하면 시간은 많이 걸릴 것으로 예상됩니다. 일단 백신 출시는 내년이나 빠르면 10월이나 12월에 출시될 것으로 예측됩니다. 코로나19 자체가 언제 끝날지는 아직 아무도 모르기 때문에 당분간은 방역수칙을 잘 준수하여 주시기 바랍니다.', '성공하고 백신이 유통이 잘되면\n당연히 그렇습니다\n하지만 걱정되네요... 잘 통과 될찌...\n<러시아 코로나 백신 개발 성공> 세계최초 코로나 백신 개발 (러시아 백신 관련주)\n러시아 백신 코로나 백신 (러시아) _ 러시아가 세계 최초로 코로나19 백신 개발에 성공해 백신 등록을 마쳤다고 발표했다. 블라디미르 푸틴 러시아 대통령은 오늘 원격 내각회의에서 ""오늘 아침 세계에서 처음으..\ndingdo.tistory.com']",2,https://kin.naver.com/qna/detail.naver?d1id=7&dirId=705&docId=365400173&qb=67Cx7Iug&enc=utf8&section=kin&rank=66&search_sort=3&spq=0,대체의학
7,2020.08.16,"['avast', '위협', '프로그램', '위협으로부터보호됨', 'Win64', 'Malware', 'gen', '알약', 'alyac']",avast 위협으로부터 보호됨,"갑자기 아까부터 계속 보호됐다면서 이게 뜨던데 
아마 보호하고 있으니 이걸 없애려면 정기 후원을 하라 라는 거 같은데..

그 위협의 대상이 알약에 있다더라구요?

이게 맞나 싶기도 하고... 그냥 무시하려 해도 저걸 끄면 바로 다시 저 창이 뜨고
저 창이 다른 창을 덮지 못해서 화면도 가려버려서... 

저게 백신 프로그램인 건 알곤 있지만 저거 없애려면 그냥 정기후원해야 하나요
아니면 저 위협 프로그렘 없애는 법이 있을까요?","['알약을 삭제하시면됩니다.\n원래 백신프로그램 자체가 어떻게 보면 바이러스랑 동일한 권한을 가지고 있어서 백신을 여러개 쓸 경우 오히려 서로서로 충돌이 생기고 성능도 저하됩니다. 그래서 백신을 설치하면 윈도우 디펜더가 자동으로 꺼지죠.\n그래도 알약보다는 어베스트가 좋으니 알약을 지우는게 나을듯합니다.', '백신은 알려진 백신들은 절대 바이러스가 아닙니다. 그러므로 크게 신경을 안 쓰셔도 되는데, 계속 뜬다면 저는 avast 삭제를 추천드립니다. avast 삭제는 \n어베스트(avast) 삭제 가이드(정크 파일 포함) - 도라가이드\navast 삭제 관련 오류에 관해 Windows 및 Mac OS에서 삭제하는 기본적인 프로세스 및 남아있는 정크 파일까지 제거하는 방법에 대해 설명드리도록 하겠습니다. Avast Antivirus를 제거하려는 경우 다른 바이러스 백신 프로그램으로 변경하시기 바랍니다.\ndora-guide.com\n요 도라 가이드를 참고해주세요.']",2,https://kin.naver.com/qna/detail.naver?d1id=1&dirId=11002&docId=365390643&qb=67Cx7Iug&enc=utf8&section=kin&rank=68&search_sort=3&spq=0,바이러스
7,2020.08.16,"['정보통신기술', '생명기술', '수송기술', '기술', '예시', '#문제풀이']","기술가정,중2","수송기술,정보통신기술,생명기술 각각 예시 5가지씩만 알려주세요
또 정보통신기술 예시에 sns도 들어갈 수 있나요?","['1. 수송 기술: 자동차, 기차, 비행기, 배, 우주선\n2. 정보 통신 기술: 스마트폰, 네비게이션, 무전기, 통신위성, 텔레비젼\n3. 생명 기술: 백신개발, 유전자 재조합, 핵치환, 원격진료(정보 통신 기술과 융합), 시험관 아기\n>> SNS도 정보 통신 기술에 포함됩니다.\n>> 주의할 점은 최근은 딱 뭐다가 아니라 융합된 형태로 실현됩니다. 가령 자동차 만드는 자체는 제조 기술이며, 이를 운행하기 위한 도로 건설은 건설 기술, 자동차 운행에 필요한 정보를 제공하는 것은 정보 통신 기술 같이 말입니다.']",1,https://kin.naver.com/qna/detail.naver?d1id=11&dirId=110311&docId=365387861&qb=67Cx7Iug&enc=utf8&section=kin&rank=69&search_sort=3&spq=0,기술가정
5,2020.08.17,"['한화', '한화솔루션', '주식', '주식초보', '주식하는법', '주식투자방법']",한화 기사가 떳던데... 살짝불안하네요,"한화 좋은 내용의 기사가 떳던데 왠지 낼 불안하죠?
한화솔루션 전망 혹시 어떻게들 보시나요?
며칠간 하락세를 보이고잇긴하던데..걱정이네요","['한화솔루션 전망 혹시 어떻게들 보시나요? : 차트상으로는 단기 급등후에 십자형 음봉이후 아랫꼬리가 달린 음봉이 출현하였고, 수급별로는 개인은 매도하고 외국인은 매수하고 있으며, 매수시그널이 발생한 상태입니다. 그러므로 단기조정후에 주가는 상승할 확률이 높습니다. 참고로 증권사에서 다음 주 코스피 예상밴드는 2,400에서 2,500으로 제시하였습니다.\n(참고) 귀하께서도 잘 아시겠지만 2018년 2월 2일부터 주식시장의 가장 큰 악재는 또라이 같은 트럼프의 보호무역전쟁이었습니다. 그래서 중국과 한국이 증시가 10% 이상 폭락한 상태에서 2020년 1월 21일 코로나19 악재가 터져 코스피가 1천 4백대까지 폭락하였다가 개인의 매수로 현재 2천 2백선까지 회복하였습니다. 현재 각종 여론조사 결과 2020년 11월 3일 실시하는 미국 대통령선거에서 또럼프가 참패당할 확률은 60% 정도 됩니다. 그래서 아무 근거도 없는 코로나19를 중국이 고의적으로 퍼뜨렸다고 유언비어를 날조하여 미국인들을 유혹하였지만, 미국인들이 호응을 하지 않자, 이판사판으로 중국의 영사관을 폐쇄하는 최악수를 두었지만, 미국증시가 계속 상승하자, 8월 6일에는 미국인들이 적대시하는 중국으로 관심을 돌리기 위해서 틱톡의 모기업인 바이트댄스와 위챗의 모기업인 텐센트의 미국 측의 거래를 전면 금지하는 행정명령에 서명하였지만, 다우지수는 상승하였습니다. 남은 변수는 조 바이든은 간혹 정책 토론 등에서 실수를 하는데 2번의 정책토론에서 실수를 하는 것입니다. 조 바이든이 정책토론에서 실수만 하지 않는다면 또럼프는 참패당합니다. 내 생각에는 11월 미국 대통령선거가 끝날 때까지 또럼프가 미친 짓을 계속할 것입니다. 또럼프가 하는 미친 짓을 미국인들이 믿지는 않지만 사람의 심리상 일시적으로는 주가가 변동을 할 것입니다. 그리고 코로나19는 2020년 7월 16일 의학 학술지인 뉴잉글랜드 저널에 따르면 모더나가 개발한 코로나19 백신 후보 물질에 대한 초기 임상시험에서 45명 전원에 항체가 형성되었고, 7월 27일부터 코로나19 백신 후보 물질에 대한 시판 전 최종 단계인 임상 3상에 돌입하였습니다. 백악관 코로나19 대응 TF(태스크포스)의 주축인 파우치 박사는 연말까지 코로나19 백신이 나올 수 있다며 ""예상치 못한 문제만 없다면 2020년 12월까지 백신을 배포하는 것이 가능하다.""고 말하였습니다. 코로나19 신약이 개발되고 또럼프가 미국 대통령에서 쫓겨난다면 2020년 12월부터는 주가가 상승할 것입니다. 그러므로 2020년 12월말에는 최소 5% 이상 상승할 것으로 봅니다. ', '조정구간입니다.\n다시상승할거구요\n전망분석 3일무료로 받아보세요\n::: 주식정보 제공 플랫폼 :::\n개인주식투자 서비스를 통해 가장 이상적인 수익포트폴리오를 경험해보세요! 레츠스탁 서비스를 3일간 일체의 비용 없이 무료로 체험하고 원하는 수익률을 실현 해 보세요. 요청자명 휴대폰 인증 희망항목 급등종목 테마종목 가치투자 스윙종목 인공지능 단기투자 원금회복 투자초보 희망수익률 5% 목표 10% 목표 15% 목표 20% 목표 25% 목표 30% 이상 목표 희망수익금 5백만 원 1천만 원 3천만 원 5천만 원 7천만 원 1억 원 이상 투자성향 안정형 안정 추구형 위험 추구형 적극 투자형 공격 투자형 개인정보 수집·이용동의\nleaderscpa.com']",2,https://kin.naver.com/qna/detail.naver?d1id=4&dirId=40102&docId=365431669&qb=67Cx7Iug&enc=utf8&section=kin&rank=46&search_sort=3&spq=0,"주식, 증권"
5,2020.08.17,"['코로나19', '코로나', '#문제풀이', '#문제풀이']",코로나19 언제끝나나요?,첨엔 신경많이쓰고 조심했는데..가면갈수록 끝날기미가 안보여서 너무지치네요. 동네에 갇혀살아야하는 것도 아니고... 내년 초에 일본여행 갈 계획이있는데 희망잇을까요,"['내년 10월에 백신이 나온다고 합니다 그러나 끝은 알수가 없는 것 같은데 \n최소  5년 예상됩니다 감사합니다 채택해주세요 기부가 됩니다 ', '안녕하세요?\n전문가의 의견으로는\n가을에 2차적으로 더 크게 코로나가 나올 수 도 있다는데,\n계속해서 조심할 수 밖에 없을 듯 합니다.']",2,https://kin.naver.com/qna/detail.naver?d1id=11&dirId=1116&docId=365430951&qb=67Cx7Iug&enc=utf8&section=kin&rank=47&search_sort=3&spq=0,"생물학, 생명공학"
5,2020.08.17,"['코로나바이러스', 'ㅠㅠ나빠']",코로나바이러스,코로나 바이러스 백신이 언제 쯤 만들어지나요?,['원래는 1년을 예상하고 있었는데 코로나 변형이 일어나고 새로운 변종들이 나타나고 있어\n언제쯤 만들어질지는 알 수가 없다고 합니다ㅠㅠ'],1,https://kin.naver.com/qna/detail.naver?d1id=7&dirId=70105&docId=365430515&qb=67Cx7Iug&enc=utf8&section=kin&rank=48&search_sort=3&spq=0,흉부외과
5,2020.08.17,[],전세계인이 코로나 백신을 접종하면 ㅡ 코로나 사태는 종료되고 ㅡ 코로나 이전의 일상으로 돌아갈 수 있는건가요?,,"['코로나 백신이 확실히 검증되어 \n보급되면 코로나 이전으로 돌아갈 순 있겠지만\n완전히 사라지기 까지는 백신 보급 이후에도\n꽤 오랜 시간이 걸릴 거 같습니다\n현재 감염자 수만봐도 백신제조사에서 보급량을\n양산 하려면 꽤 시간이 걸릴 것입니다', '백신이 시판 되어 상용화 된다면 코로나 종식의 계기가 마련 되는 것만은 사실입니다.\n하지만 그렇다고 완전히 일상으로 돌아간다고 장담하기는 어렵습니다.\n코로나 바이러스가 워낙 변이가 빨라 기존 백신을 무력화 시키는 변종으로 진화할 가능성도\n전혀 배제할 수 없는 상황이기 때문입니다.']",2,https://kin.naver.com/qna/detail.naver?d1id=6&dirId=61303&docId=365421393&qb=67Cx7Iug&enc=utf8&section=kin&rank=49&search_sort=3&spq=0,사람과 그룹
5,2020.08.17,['#문제풀이'],전세계인이 코로나 백신을 접종하면 ㅡ 코로나 사태는 종료되고 ㅡ 코로나 이전의 일상으로 돌아갈 수 있는건가요?,,"['코로나 치료제가 개발되고 코로나 백신이 완성된다면\n지금처럼 전염의 위험에 벌벌 떨며 살아가진 않을겁니다.\n다만, 이미 손 씻기, 마스크 쓰기가 일상화된 상황이라 완전한 코로나 이전의 일상은 돌아오지 않을 확률이 높습니다.\n여행업계는 완전히 아작이 나서 코로나 이전의 저가 여행 시장은 망가져버릴 확률이 크고\n피씨방, 노래방 등 비교적 관리가 편한 자영업은 굉장한 리스크를 가진 사업으로 평가되겠죠...']",1,https://kin.naver.com/qna/detail.naver?d1id=11&dirId=1116&docId=365421376&qb=67Cx7Iug&enc=utf8&section=kin&rank=50&search_sort=3&spq=0,"생물학, 생명공학"
6,2020.08.17,[],전세계인이 코로나 백신을 접종하면 ㅡ 코로나 사태는 종료되고 ㅡ 코로나 이전의 일상으로 돌아갈 수 있는건가요?,,['잘 읽어보았습니다.\n현 상황에서 코로나가 변종되지 않고 이상태만 지속된다면 백신 접종으로 이전상태로 돌아갈 수 있을것 입니다.\n하지만 이미 많은 국가에서 감염자들이 나왔기에 변종 가능성도 충분히 있을것으로 보이며 많은 사람들이 코로나 사태가 종료된 후에도 마스크 착용을 의무화 할 수도 있습니다.\n감사합니다.'],1,https://kin.naver.com/qna/detail.naver?d1id=7&dirId=70117&docId=365421293&qb=67Cx7Iug&enc=utf8&section=kin&rank=51&search_sort=3&spq=0,가정의학과
6,2020.08.17,"['주식', '주식초보', '주식투자', '시총', '시가총액', '엑세스바이오', '엑세스바이오분석']",엑세스바이오 주식,"주식 완전 초보입니다. 엑세스바이오가 엄청 급등하여 보고 공부하려하는데요.
엑세스바이오가 실적 흑자전환하고있는데 시총 1조라서 사람들이 하락할수있는 위험한 종목이라 하더라구요. 이유 알아듣기 쉽게 설명해주실분 계신가요 ? 바로 채택드리겠습니다
또한 엑세스바이오 같은 상황이라면 추매로 쭉 가는게 좋은지 익절하는게 좋은지 개인적인 의견도 말씀해주시면 감사합니다 !","['엑세스바이오 아직 상승세는 유지 하고 있으며, 추가적인 상승은 찾아 올 것 같습니다.\n하지만 단기간 급등한 종목으로 문제는 그 상승이 지속 되기보다는 상승 후 갑자기 쭈욱 빠질 수 있으니, \n목표가를 잘 설정해서 바로 수익 챙기시고 빠져 나오셔야 합니다.\n그 만큼 매도 타이밍이 중요하다 할 수 있는데요.\n지금 부터 대응을 잘 하셔야 합니다.\n다음 거래일에 우선 일부 분할 매도해서 수익 챙기시고,\n상승세가 강력하다면 나머지는 좀 더 가지고 가시고,\n상승세가 강력하지 않고 주춤하는 모습을 보이면 과감히  전량 매도하시는 것이 좋을 것 같습니다.\n주식은 정말 다양한 종목이 있습니다.\n아무리 좋은 종목이라도 고점에 물리게 되면 큰 손해를 볼 수 있으니,\n아직 저평가된 숨은 가치주를 찾아 투자하는 것이 무엇보다 중요합니다.\n특히, 주식은 실전이 중요하고\n전문가가 어떤 식으로 어떤 종목을 투자하는 지\n잘 분석하고 배우는 것이 중요합니다.\n무료리딩 3일간 받아 보세요.\n주식에 대한 생각이 많이 달라지실 겁니다.\n주식관련 사이트추천 네임카드 링크드립니다.\n도움받아보세요.\n주식투자 무료체험 \nhttps://bit.ly/2EyvBqB\n::: 청개구리투자클럽 :::\n실제 달성자 후기 누적수익률 니스 구조\nbit.ly', '종목추천 3일간 무료로 받아보세요.\n이런 분들께 권해드립니다.\n- 주식 혼자 하다가 손실 보신 분\n- 소액으로도 성공적인 재테크를 꿈꾸시는 분\n- 확실한 주식 종목으로 큰 돈 벌고 싶으신 분 \n전문가가 추천드리는 종목들을 추천하는 매수, 매도가에 따라서\n2~3분만 시간 내서 매수, 매도만 하시면 끝! 주식 공부하거나 차트 보실 필요 없습니다.\n아래링크를 타고 가시면 무료체험이 가능하니 받아보세요.', '진단키드재료 입니다.\nwww.eaic.co.kr\n300백만원으로100억 만들기 운동본부 ,노빵맨,이에셋정보컨설팅\n예) gabia,가비아,도메인,domain,도메인등록\nwww.eaic.co.kr\n국내 코로나19(COVID-19) 재확산 추세가 심상치 않다. 지난 3월 이후 5개월만에 하루 신규 확진자 수가 최대를 기록했다. 정부는 대규모 재유행의 초기 단계로 규정했다. 그러나 코로나19 재확산이 국내 증시에 미치는 영향은 제한적일 것이라는 분석이다. \n코스피지수는 지난 14일 전일대비 1.23% 하락한 2407.49를 기록했다. 그동안 쌓인 상승 피로감에 차익 실현 매물이 나왔다. 코스피지수는 직전까지 9거래일 연속 올랐다.\n코로나19 재확산이 증시 방향에 어떤 영향을 미칠지 관심이 집중된다. 국내 코로나19 확산은 두 차례의 분기점이 있다. 3월 신천지 사태와 5월 이태원 클럽 사태다. \n우선 코로나19 확산이 본격화된 지난 3월 신천지 사태부터 보자. 당시 국내 증시는 급락했다. 3월 6일 누적 확진자 수가 6000명을 돌파 이후 코스피지수는 연일 급락했다. 2000선 박스권 장세를 보이던 코스피지수가 3월 중순 1400선까지 무너졌다. \n그러나 5월 초 이태원 클럽발 재확산 때는 다른 양상을 보였다. 당시 1900선에 갖혀있던 코스피지수는 오히려 5월 한달 동안 꾸준히 오름세를 보이며 2000선을 회복했다.\n신천지와 이태원 사태의 차이점은 글로벌 코로나19 확산 정도다. 신천지 사태가 터진 3월은 코로나19가 막 전세계로 퍼지기 시작한 때다. WHO(세계보건기구)의 팬데믹(세계적대유형) 선언도 이때 이뤄졌다. 반면 5월 이태원 사태 때는 중국의 코로나19 확진자 수가 급격히 줄었다. 5월 중순에서 시진핑 국가주석이 코로나19 종식 선언까지 했다.\n한 증권사 관계자는 ""수출 중심의 국내 경제 구조를 고려했을 때 국내 코로나19보다 해외 코로나19 이슈에 민감할 수밖에 없다""며 ""신천지 때처럼 신규 확진자 수가 급증하지 않는 한 증시가 크게 흔들리는 일은 없을 것""이라고 말했다.\n최근 미국에서 하루 코로나19 신규 확진자 수가 급감했다. 또 러시아를 비롯해 여러 국가에서 의미 있는 코로나19 백신과 치료제 임상 결과를 내놓고 있다.\n권명준 삼성증권 연구원은 ""코로나19 재확산은 이제 시장 하락 이유로 보기 힘들다""며 ""단기적으로 지수는 쉬어갈 수 있지만 조정 기간과 폭은 크지 않을 것""이라고 설명했다.', '안녕하세요.\n 성공적인 주식투자 플랫폼 <메이크플라이>입니다. \n 메이크플라이는\n -단순한 주식 리딩 정보 제공이 아닙니다. 이용자가 원하는 정확한 주식 정보 제공! \n 단타 투자를 원하는 사람들을 위한 단기투자부터, 주식을 처음 시작하는 사람들을 위한 투자초보, \n 주가 하락으로 힘들어하는 사람들을 위한 원금회복 등등 총 8가지의 다양한 주식 리딩 정보를 제공합니다. \n -신뢰도가 검증된 업체만을 선별합니다. \n 꼼꼼한 검수를 통해 선별된 업체와의 제휴를 통해 고객에게 최적의 정보를 제공합니다. \n 투명한 수익률 공개, 투자 기술 보유, 특허 인증 등 선별항목을 충족한 업체들과의 제휴만을 진행합니다.\n 자세한 내용은(블로그) https://blog.naver.com/ch1002/221962611684', 'https://cafe.naver.com/77777777777777777/475\n★일반투자자에서 전문투자자가 되기까지 (필독)\n하나의 사진을 퍼왔습니다. 정말 격하게 공감이 되는 한장의 사진이었습니다. 저도 이런 과정을 겪었었고, 각자, 개인적으로 세부 내용은 다르겠지만 큰 틀로 봐서는 이런 과정...\ncafe.naver.com']",5,https://kin.naver.com/qna/detail.naver?d1id=4&dirId=40102&docId=365417130&qb=67Cx7Iug&enc=utf8&section=kin&rank=52&search_sort=3&spq=0,"주식, 증권"
5,2020.08.17,[],코로나 언제 끝날까요?,,"['자가 격리를 해야 하는 데 자꾸 사람들이 모여서 바이러스가 더 확진하고 있습니다. 규칙을 잘 지켜주면 바이러스가 빨리 사라질텐데 ㅠㅠ  ', '올해는 힘들 것 같구.. 아마 내년 초에는 끝나지 않을까 싶네요..ㅠㅠ\n그때쯤이면 백신이 만들어져서 보급될꺼에요!!', '하아ㅠㅠ 심해서 점점 불안하고 살기 싫어지네요. 언제 안정세로 접어드는가']",3,https://kin.naver.com/qna/detail.naver?d1id=7&dirId=70401&docId=365432291&qb=67Cx7Iug&enc=utf8&section=kin&rank=45&search_sort=3&spq=0,의약품
6,2020.08.17,[],우리나라 러시아 코로나 백신 수입하면 문제생김?,"러시아가 개발한 코로나 백신
우리나라에서 수입하면
미국이 ㅈㄹ 발광함?
미국에서 사재기해서 렘데시브로 확보도 못하면서 그거 보급될때까지 기다려야함?",['미국이 ㅈㄹ발광할\n이유도 없고\n문제가 생기지도 많을겁니다.'],1,https://kin.naver.com/qna/detail.naver?d1id=6&dirId=61303&docId=365414942&qb=67Cx7Iug&enc=utf8&section=kin&rank=55&search_sort=3&spq=0,사람과 그룹
6,2020.08.17,[],코로나 백신,코로나 올해 안에 백신 나오나요? 아니면 힘들나요?,['임상 실험 하느라 내년에 나올 것 같아요..'],1,https://kin.naver.com/qna/detail.naver?d1id=1&dirId=11002&docId=365413716&qb=67Cx7Iug&enc=utf8&section=kin&rank=56&search_sort=3&spq=0,바이러스
6,2020.08.17,[],왜 사람들은 자꾸 하지말란걸 하죠?,"안녕하세요. 부모님과 행복하게 오래오래 살고 싶은 중딩입니다.
제 고민은 다름 아닌 요즘 코로나인데요 저 뿐만 아니라 거의 모든 사람이 지금 코로나 때문에 힘드실거라 생각합니다.
이런 힘든 시기 다 같이 수칙 잘 지키면 백신이 안 나오더라도 감염은 최대한 줄일 수 있는거 아닌가요?
너무 궁금한게 왜 자꾸 사람들은 하지 말란 행동을 하나요
좀 최대한 집에만 있고 손 씻고 위생 수칙 잘 지키는게 그렇게 죽을 듯이 어렵나요? 왜 안 지킬까요 사람들은
그거에 1시간 걸리는 것도 아니고 손 씻기 30초 마스크 쓰기는 뭐 말할 것도 없고요. 그리고 집에만 있는거 얼마나 편합니까 ㅠㅠ
왜 자꾸 나가서 퍼뜨리는걸까요 ㅜ 진짜 갑자기 또 난리난거 너무 당혹스럽고 짜증나요..","['자신은 아직까지 안전하니 앞으로도 안전할거라 생각하는거죠\n남 일 이라고 생각하니까요\n어차피 자기 주변에서 걸린 사람도 없고 답답한 마스크 쓰기 싫다는 마인드', '원래 사람은 쉬운건 잘 안지켜요 ㅋㅋㅋ', '그래서 성경에 인간은 죄인으로 태어났다고 합니다\n질문자 질문이 얼마나 순박하고 깨끗한지요 \n가만 있으라 하면 가만 있고 손 씼으라 하면 손 씼고\n거리두라 마스크 하라 하면 하는 것 만으로도 얼마나\n많은 유익이 있는데 \n인간은 제멋대로 하고 싶은 성정과 자기만은 별 일 \n없겠지하는 안일한 생각에 자꾸 이렇게 퍼지기도 합니다\n사람 많은데 가지마라 유흥지에 가지마라하면 집에서\n이 때다하고 책이나 읽고 동네 공원이나 산책하고 \n그랬으면 얼마나 좋겠습니까 \n그런데 인간은 자꾸 자기 가고 싶은대로 가는 성향때문애\n지구도 이 모양으로 망가지고 있다고 생각하고 있습니다 \n질문이 너무나 순수해서 답글을 씁니다 ']",3,https://kin.naver.com/qna/detail.naver?d1id=20&dirId=2001&docId=365413474&qb=67Cx7Iug&enc=utf8&section=kin&rank=57&search_sort=3&spq=0,"아동, 미성년 상담"
6,2020.08.17,[],약학 관련 분야 질문,고등학생인데 약학 관련 분야로 가고싶거든요 근데 학교에서 앞으로 공부해보고 싶은 내용을 쓰라고 해서 .. 아직 모르는 게 많은데 뭘 적어야할 지 모르겠어요 약학 관련 연구 주제 같은 거 조금만 자세히 적어주실 수 있나요?? 최대한 빨리 부탁드릴게요 ㅠㅠ,['안녕하세요 현직약사 김냑사입니다\n약학 연구주제는 너무 광범위 합니다 \n현재 코로나 치료 및 예방을 위한 백신 개발 \n약물 흡수율 증가를 위한 제형 개발 \n새로운 약물 전달 시스템 개발\n희귀 질환 치료제 개발 등등등등 \n너무 많아 다 쓸수가 없습니다\n조금더 명확히 범위를 줄여주신다면 더 자세히 알려드릴 수 있습니다'],1,https://kin.naver.com/qna/detail.naver?d1id=7&dirId=704&docId=365412225&qb=67Cx7Iug&enc=utf8&section=kin&rank=58&search_sort=3&spq=0,약학
6,2020.08.17,['#가짜'],svchost.exe가 메모리를 과도하게 차지하고 있습니다.,"위와같이 svchost.exe 하나만 과도하게 메모리를 차지해서 이용하는데 큰 불편을 겪고 있습니다.

우클릭 후 '서비스로 이동'을 눌러도 해당되는 항목이 없어 어떤 서비스를 중지해야 하는지도 모르겠고
v3 lite로 전체 검사해봐도 이상이 없습니다.

윈도우 업데이트는 사용안함으로 되있어서 관계가 없는것으로 보이고
프로세스를 직접 꺼도 몇초 후 다시 생성됩니다. 어떻게 해결해야 될까요?
포맷을 제외한 방법이 있을까요?","['프로그램을 이용한 가짜 svchost 자동 정리 방법을 이용해 정리를 해 보시기 바랍니다.\nsvchost.exe 프로세스로 실행되는 dll 서비스를 검색하여 마이크로소프트에서 제공하는 파일이 \n아니면 서비스를 모조리 중지하는 프로그램입니다.\n이용약관을 안내하며 컴퓨터에 설치하는 프로그램들은 백신으로 검색이 안됩니다.\nsvchost.exe 프로세스로 실행되는 서비스는 어떤 dll 파일이 로드되어 사용되는지 윈도우상에서는 확인이 불가능하며, 또한 이 프로세스가 정상적인 프로세스인지 악성프로세스인지, 스파이웨어인지 확인이 불가능합니다.\n스파이웨어나 트로잔 다운로더에 의해 정상적인 dll파일을 바꿔치기한 경우는 삭제가 안됩니다.\n서비스 레지스트리키의 [ServiceDll]값에 등록된 파일명을 기준으로 삭제합니다.\n[ServiceDll]값을 바꿔치기하는 경우도 있는데 마이크로소프트에서 제공하는 파일명이 아닌 경우 모두 삭제됩니다.\n가짜 svchost 정리 프로그램을 이용한 정리 방법은 아래 링크를 드리는 \n제 블로그 내용을 참고하셔서 도움 되시기 바랍니다.\n가짜 svchost.exe 정리 유틸.\nsvchost.exe 킬러 - WindowexeSVCHOSTkillersvchost.exe 프로세스로 실행되는 dll 서비스를 검...\nblog.naver.com']",1,https://kin.naver.com/qna/detail.naver?d1id=1&dirId=10301&docId=365412140&qb=67Cx7Iug&enc=utf8&section=kin&rank=59&search_sort=3&spq=0,윈도우
6,2020.08.17,[],"아 정말 코로나 19 코로나 19

도대체 이놈의 코로나 19는 언제쯤 끝나나요 ?

옛날에 신종플루나 메르스 사스 등등

1~2달정도 시끄럽다가 금방 없어지고 일상으로

돌아왔잖아요

도대체 ㅡㅡ 이 빌어먹을 코로나 바이러스는 뭐길레

1년이 다 지나가는데도 세계적으로 없어질 기미가

안보이나요 ???

게다가 코로나 바이러스를 우리나라가 처음으로 발생시킨것도

아니고

외국의 어느 한 나라가 자기네가 위생관리 평소에 똑바로

못해서 외국의 어느 한 나라 때문에 아무 죄 없는

우리나라가 이렇게 코로나인지 뭔지 하는거 때문에

고통을 받아야하나요 ????


수천 km 이상 떨어진 나라에서 발생한 코로나가 도대체

뭐길레 ...... 도대체 이놈의 코로나 바이러스인지 하는더

언제 영원히 없어지나요 ?",,"['코로나로 우리나라는 물론\n전세계가 뒤집어져있네요\n현재 백신이 개발되고있는데\n그 시기는 빠르면\n금년말 또는 내년 상반기에\n나온다고 하니 \n기다리는수 밖에 없습니다\n사회적거리두기운동을 하는게\n지금으로선 최선으로봅니다.', '이럴때일수록 개개인이\n코로나 예방수칙을 잘 지켜야합니다 ㅠㅠ\n나 몰라라 하고 될대로 되라하면 절대 종식이 안됩니다.\n나부터 지키자 하는 마음으로 코로나19 예방수칙을 잘 지키고 준수합시다 ㅎㅎ\nhttps://cool.smilesssun.com/m/12\n코로나19 예방수칙\n◎코로나19 재확산 안녕하세요 여러분 며칠전부터 코로나19가 재확산 됨에 따라 서울과 경기 지역은 사회적 거리두기가 2단계로 격상되었고 곧 다른지역들도 2단계로 올라가지 않을까 생각합니다. 그래서 코로나1..\ncool.smilesssun.com', '그러게요. 사라질 기미가 아직까지 안보여서 큰일이네요. ']",3,https://kin.naver.com/qna/detail.naver?d1id=7&dirId=7010107&docId=365416318&qb=67Cx7Iug&enc=utf8&section=kin&rank=53&search_sort=3&spq=0,감염내과
6,2020.08.17,['코로나백신'],코로나 백신 1년넘게걸리나요,제목대로 질문이요,['그거는 아무도 모르죠 하지만 백신이 만들어진다해도 1년만에 원래대로 완전복구는 불가능합니다 경제나 그런것들은'],1,https://kin.naver.com/qna/detail.naver?d1id=1&dirId=11002&docId=365415125&qb=67Cx7Iug&enc=utf8&section=kin&rank=54&search_sort=3&spq=0,바이러스
1,2020.08.17,[],윈도우10 계정 pc에서 삭제하면,"제가 윈도우10 사용을 위한 계정을 하나 만들어서
기존 계정이 필요가 없어졌습니다.
그래서 기존 계정을 pc에서 삭제시키려고하는데
질문이 있습니다.

1. pc에서 계정 삭제 전 데이터(폴더, 문서 등)를 일일히 제거해줘야하는지(마소 계정으로 사용한거고 계정자체를 없애는건 아닙니다.)
가능하면 계정 내 데이터를 일괄적으로 없애고싶습니다.

2. 새로 만든 계정으로 pc사용에 필요한 프로그램들을 다시 설치해줘야하는지(그래픽드라이버, 백신 등)

3. 제가 알기로 같은 pc라도 계정이 다르면 데이터 공유가 안된다고 들었는데 기존 계정에 있는 일부 데이터들이 새 계정에도 깔려있더군요.
왜 이런거죠?","[""1. pc에서 계정 삭제 전 데이터(폴더, 문서 등)를 일일히 제거해줘야하는지(마소 계정으로 사용한거고 계정자체를 없애는건 아닙니다.) 가능하면 계정 내 데이터를 일괄적으로 없애고싶습니다.\n>계정 삭제 시 물어봅니다. 데이터 다 지울래? 라고\n2. 새로 만든 계정으로 pc사용에 필요한 프로그램들을 다시 설치해줘야하는지(그래픽드라이버, 백신 등)\n>꼭 그렇진 않습니다. 대부분의 프로그램이 All user 용으로 설치되기 때문입니다.\n일부 프로그램의 경우 현재 계정 Only로 설치하긴 합니다만.. 대부분은 all user용이죠.\n3. 제가 알기로 같은 pc라도 계정이 다르면 데이터 공유가 안된다고 들었는데 기존 계정에 있는 일부 데이터들이 새 계정에도 깔려있더군요. 왜 이런거죠?\n>이게..  앞서 '2'에 적은 all user와 현재 유저의 차이입니다.\n개념은 질문자님이 적어두신게 맞지만 대부분의 프로그램이 all user로 설치하기에  계정별 차이가 별로 없는거죠.\n프로그램 설치하실 때 무조건 다음, 다음 하지마시고 살펴보시면\n일부 프로그램이긴 하지만 현재 유저에만 설치할래? 전체 유저에게 설치할래? 라고 묻는 창이 뜨는 경우가 있습니다. ""]",1,https://kin.naver.com/qna/detail.naver?d1id=1&dirId=1010703&docId=365495353&qb=67Cx7Iug&enc=utf8&section=kin&rank=1&search_sort=3&spq=0,윈도우태블릿
5,2020.08.17,[],크크크크흠...,코로나 이시국에서 일을 하루종일 한다는것도 미친거아닌가요 다 사람들이 열 몇명씩 모인 공공장소인데 근무시간을 조금더줄이기 강화했으면 바람이네요 돈이문제가 아니라생각합니다,['맞습니다. 그냥 전국민 재택근무를 해야 없어질듯해요.\n이건 뭐.. 모이기만 하면 하나 둘 터지니 백신 나오기 전까지는 \n진짜 몸 사리면서 일해야 되요. 마스크 쓰고 있어도 불안하네요.'],1,https://kin.naver.com/qna/detail.naver?d1id=8&dirId=80101&docId=365441452&qb=67Cx7Iug&enc=utf8&section=kin&rank=42&search_sort=3&spq=0,"연애, 결혼"
2,2020.08.17,[],코로나 변종이 발생하면 백신을 새로 만들어야 하는건가요?,궁금합니다.,"['그렇습니다.', '아무래도 그래야되겠지요..\n우선 걸리지 않는게 중요하니 지금까지 해왔던것처럼\n우리모두 앞으로도 예방수칙 생활화하기로해요..\n마스크착용\n손씻기\n생활속거리두기\n그리고 코로나에 면역력을 키워야하는거 아시죠?\n제가 먹고있는것도 있고한데 이 사이트 몸에 좋은 제품들\n많이 판매하고 가격도 착하드라구여..\n추후 도움되시길...\n녹용이나 홍삼, 건강즙도 좋고요\n비타민, 프로폴리스, 오메가3, 미네랄, 포도당마시는 음료,\n밀크씨슬, 루테인, 쏘팔메토, 장건강을 위한 제품, \n뼈건강이나 관절건강, 뷰티를 위한 제품, 콜라겐, 눈건강 면역력증진등등\n건강식품들도 골고루 나눠져있어요\n이번에 들어갔더니 이벤트도 하네요~\n제품 구매하신분들 카카오톡 하루건강엔 친구추가하시고\n1:1 대화로 참여완료 남기시면 추첨해서 제주신화월드 숙박권을 주는 이벤트에요\n한번 체크해보세요^^\n코로나 종식되기를 바라며 가족모두 건강유의하세요\n면역력 잘 키워서 강화시키고 코로나 잘 이겨내기로해요!\n미리 예방하는게 최우선일듯합니다\n가족들에게 맞는 영양제 한번 체크해보세요~~\n국산 마스크, 손소독제도 판매하네요\nhttps://smartstore.naver.com/haruhealthy\n하루건강엔 : 네이버쇼핑 스마트스토어\n하루건강엔 여기! 건강한 매일을 위해 안전하고 정직한 제품만을 소개합니다.\nsmartstore.naver.com', '그게 안되면 강제로 집단면역??']",3,https://kin.naver.com/qna/detail.naver?d1id=7&dirId=705&docId=365465427&qb=67Cx7Iug&enc=utf8&section=kin&rank=19&search_sort=3&spq=0,대체의학
2,2020.08.17,"['윈도우10', '윈도우시스템', '액서스가거부되었습니다', '윈도우10시스템', '시스템파일', '검색질문', '통합검색궁금증', '통합검색질문하기', '#가짜']",윈도우10 svchost.exe / Host Process for Windows Services 이게 뭔가요 ??,"윈도우10 svchost.exe / Host Process for Windows Services 이게 뭔가요 ??
컴터가 저절로 깜박깜빡하면서 리셋 ? 새로고침 같은 현상이 자주 일어나고,느려진거같길래
작업관리자로 실행되고있는 프로그램을 보던중
세부사항란에 svchost.exe 가 여러개 실행중인걸 발견햇습니다.


온라인검색해보니깐 시스템 파일인것처럼 숨어있는 악성프로그램중에
하나라고하던데 맞나요 ??...또 다른분은 마이크로소프트시스템 파일이 맞다고 하고 ..
찝찝해서 작업관리자창에서 오른쪽마우스 클릭해서 작업종료 눌럿더니
블루스크린뜨면서 액서스가 거부되었습니다. 같은 창이 뜨더니
?? 재부팅되더군요 ... ㅠㅠ 또 파일이 위치한 폴더들어가서 삭제할려고하니
또 귄한때문에 삭제도안되고 cmd 로 삭제할려니 또 액서스거부되서 삭제안됨니다. ㅠㅠ
몇번 지울려고 시도하다가 아예 무한재부팅 걸렷는데, 다행이 시스템복원지점으로 살렷네요...
그리고 사진에 나와있는것보다 개수가 실제로 더 많아요..괜히
찜찜 하기도 해서 별로 중요한 프로그램이아니면 삭제하고싶습니다 ...
삭제할수있는 방법좀 알려주시고
이게 무슨 파일인지좀 알려주세요 ..
파일 위치는 시스템파일 위치인데 정말 시스템파일이 맞는걸까요 ?","['프로그램을 이용한 가짜 svchost 자동 정리 방법을 이용해 정리를 해 보시기 바랍니다.\nsvchost.exe 프로세스로 실행되는 dll 서비스를 검색하여 마이크로소프트에서 제공하는 파일이 \n아니면 서비스를 모조리 중지하는 프로그램입니다.\n이용약관을 안내하며 컴퓨터에 설치하는 프로그램들은 백신으로 검색이 안됩니다.\nsvchost.exe 프로세스로 실행되는 서비스는 어떤 dll 파일이 로드되어 사용되는지 윈도우상에서는 확인이 불가능하며, 또한 이 프로세스가 정상적인 프로세스인지 악성프로세스인지, 스파이웨어인지 확인이 불가능합니다.\n스파이웨어나 트로잔 다운로더에 의해 정상적인 dll파일을 바꿔치기한 경우는 삭제가 안됩니다.\n서비스 레지스트리키의 [ServiceDll]값에 등록된 파일명을 기준으로 삭제합니다.\n[ServiceDll]값을 바꿔치기하는 경우도 있는데 마이크로소프트에서 제공하는 파일명이 아닌 경우 모두 삭제됩니다.\n가짜 svchost 정리 프로그램을 이용한 정리 방법은 아래 링크를 드리는 \n제 블로그 내용을 참고하셔서 도움 되시기 바랍니다.\n가짜 svchost.exe 정리 유틸.\nsvchost.exe 킬러 - WindowexeSVCHOSTkillersvchost.exe 프로세스로 실행되는 dll 서비스를 검...\nblog.naver.com']",1,https://kin.naver.com/qna/detail.naver?d1id=1&dirId=10301&docId=365467584&qb=67Cx7Iug&enc=utf8&section=kin&rank=18&search_sort=3&spq=0,윈도우
2,2020.08.17,[],컴퓨터 아이콘 내공20,"컴퓨터를 켰는데 아무것도 안나오네요ㅜㅜ
어떻게 해야 하죠?","['ctrl alt del 키 동시에눌러 작업관리자창열고  프로세스탭으로 이동해서 \nwindow 탐색기인  프로세스 찾아서  선택하고 맨아래부분 프로세스 끝내기 클릭하시고 \n작업관리자창 좌측상단에  파일 -->새작업 --> explorer.exe  입력 확인 누르면 바탕화면 보일거에요 \n악성코드나 멀웨어로인해 그런거같으니  이래 바탕화면 나오면 \n바탕화면 좌측하단에 시작클릭하고 검색창에 msconfig입력하고 관리자권한으로 실행해서 시작프로그램 체크해있는거 모두다 체크해제하고 \n나오고 \n컴 다시시작해서 바탕화면 진입하면 \n멀웨어바이트 안티멀웨어를\nhttps://www.malwarebytes.com/\n사이트 좌측 home 아래 explore으로 마우스커서가져가고아래 free downloder 클릭하면14일동안 유료처럼이용할수있어요 이상태서 검사 치료하세요 기간 14일지나면 실시간 보호기능사라지나 업데이트 검사 치료기능제공하니 의심날대 검사 치료하기좋아요\n그리고 모든프로그램설치시에는 체크돼있는 제휴프로그램들이있을거니 체크됀거를 유심히보시고 본인에게 필요없는거면 체크해제하고 설치하셔야해요 이거도 안보고 그냥 있는대로 다설치하면 광고엄청나오죠 이런거는 아무리 최고백신프로그램이용해도 사용자가 동의해서 설치한거라 이상무로나오죠 이부분 주의하시고요 \nIObit Uninstaller 를 \nhttps://download.cnet.com/IObit-Uninstaller/3000-2096_4-75161625.html\n사이트 download now 요글자만 한번누르면 3초정도후 다운받아지니 다른거 더누르지말고\n다운받아 설치시 체크됀제휴프로그램인 어드밴쳐시스템케어 있을거니 체크해제하고 설치하시고\n설치한프로그램중에 nat service 35439 그거부터 삭제하세요 \n요프로그램이뭐냐면 웹하드이용시 설치돼는프로그램으로 다운다받은파일을 다른분들도 질문자님컴서 맥스스피드로다운받아지게하는거라 컴이 매우느려지죠 \n웹하드이용한다면 다운다받았으면 요프로그램 위 iqbit 로삭제하시고 이용하시면돼요 \n그리고 v3 이거 그다지좋은프로그램아니니 삭제하시는데 먼저 설정에들어가셔서 자체보호기능체크해있는거 체크해제하고 위 iqbit 로 삭제하고 강력검사진행해서 찌꺼기파일도 체크다해삭제하세요 \n그리고 microsoft corporation ,samsung electronics co ltd,realtek ,intel corporation, 이런 프로그램은 삭제하지마시고 나머지프로그램들경우 이름메모해서 네이버 구글검색해서 나쁘다라고나오는거 iqbit로 삭제하고 강력검사진행해서 찌거기파일도 체크다해 삭제하세요 \nhttps://www.ccleaner.com/ccleaner/download/portable\n위 사이트 클릭하면 자동으로 집파일 다운받아지니 알집풀고 실행만해서 인터넷 이용전후에 정리나 레지스트리 눌러 청소하고 (영어이니 세팅으로이동해서 한국어로하면돼요)\n시작프로그램 눌러 이상한게체크해있다면 체크해제하고 예약 프로그램탭이동해서도 이상한게체크해있다면 체크해제하고 그프로그램이뭐인지도 메모해서 검색하고 이상한거다하면 위에 iqbit로 삭제하고 강력검사진행해서 찌꺼기파일도 체크다해삭제하고 이용하세요\n늘 즐거운 하루되세요 ', '질문자님을 뵙게 되어 감사드리며\n컴퓨터 하드웨어 & 조립분야 & 데스크탑 & VGA 분야 TOTAL 1위로 활동중이며\n2017년ㆍ2019년 분야별 지식인 1위로 선정된 expert 지식IN 입니다.\n----------------------------------------------------------\n윈도우 포맷 후 재설치 하시는걸 권장합니다.\n-------------------------------------------------------------------\n-------------------------------------------------\n질문자님 보다 자세한 상담이 필요하다면\n엑스퍼트 상담신청하기를 눌러주세요. 전문가와의 자세한 상담이 가능하시니까요.\n▶엑스퍼트상담하기Click\n그럼 오늘 하루도 즐거운 하루 되시길 바라며 언제든 질문이 있다면 지식IN에게 물어보세요.\n또한 채택으로 얻은 콩은 아동청소년을 위한 기부 모금함에 기부하고 있으며\n현재 8월 네이버 지식인 엑스퍼트 쿠폰 이벤트가 지급중이며 (8월 쿠폰 3000원/5000원)\n또한 매주 모바일로 지식인 질문시 발급되는 5000원 쿠폰이 발급중이니 참고해서 활용하세요.', '안녕하세요.\n함께하는 즐거움 TG삼보 지식파트너입니다.\n본체와 모니터 사이에 연결된 케이블이 2개이면 1개만 연결합니다. \n1. Ctrl + Alt + Del 키를 눌러 작업 관리자 시작을 클릭합니다.\n  2. Windows 작업 관리자에서 파일을 클릭합니다.\n  3. 새 작업(실행)을 클릭합니다.\n  4. 열기 옆의 빈칸에 explorer를 입력하고확인을 클릭합니다.\n  5. 아이콘과 작업표시줄이 표시됩니다.\n  즐거운 하루 되세요. 감사합니다.']",3,https://kin.naver.com/qna/detail.naver?d1id=1&dirId=10101&docId=365468010&qb=67Cx7Iug&enc=utf8&section=kin&rank=17&search_sort=3&spq=0,데스크톱
2,2020.08.17,[],JS:Redirector-CDB [Trj] 라는 컴퓨터 바이러스가 뭔가요?,"제가 컴퓨터에 모바일 게임을깔려고 검색하는데 어떤 블로그에 링크가 있었고, 사람들의 반응도 좋길래 링크를 타고 들어갔습니다. 들어가보니 mediafire이라는 곳이었어요. 뭐지? 이거 버그판 까는 곳 아닌가? 하고 생각했지만.. 게임을 꼭 깔고 싶었기에 마다하지 않고 다운로드 버튼을 클릭했습니다. 그러니까 어느 사이트에 들어가지면서 alert뭐시기ㅣ 하는 걸 허용하라고 웹사이트에서 알림창이 떴어요. 그걸 허용해야 게임을 깔 수 있는 것처럼 보여서 눌렀더니, 거의 5번정도 연속으로 이런 알림이 떴습니다. '휴대전화 뒷자리 번호에 당첨되셨습니다. 10달러로 10개의 스핀을 해 70억원에 도전하세요!' 그리고 곧 웹사이트가 차단되면서 백신앱에서 경고창이 떴어요. 'JS:Redirector-CDB [Trj] 바이러스에 감염되었고, 우리는 빨리 그 웹사이트를 차단시켜 컴퓨터를 위협으로부터 보호했습니다.' 라고요.
1. JS:Redirector-CDB [Trj]라는 바이러스가 뭔가요?
2. 위험한 건가요?
3. 어떤 피해가 생기나요?
4. 이 바이러스를 없앨 수 있나요?","['JS는 Java Script의 줄임말입니다. 주로 웹 사이트의 구성요소(Obj, Object)중 하나입니다.\n상기 내용은, 악성코드 유포를 위하여 주소를 악성코드 유포 주소로 리디렉션 시키는 \n변조된 상태의 Java Script 명령을 실행 차단한 것으로 봅니다.\n차단된 것만으로, 절차는 끝났지만, 백신이 아니었다면, 실행 이후 랜섬웨어등의 바이러스에\n감염되었을 가능성이 매우 높으니, 주의하셔야 합니다.\n해당 진단 내용을 위하여 추가로 해야 할 작업은 별도로 존재하지 않습니다.', '1. JS:Redirector-CDB [Trj]라는 바이러스가 뭔가요?\n 해당 악성코드는 자바스크립트(JS;JavaScript)로 만들어진 트로이목마형(Trj;Trojan) 악성코드로, 주로 사용자가 특정 웹 사이트로 이동할려고 할 시 아예 다른 웹 페이지로 부적절하게 이동시킵니다. 아예 다른 웹 페이지라 함은 추가적인 악성 코드 등 보안 위협, 음란물, 원치 않는 광고 등을 포함하는 사이트를 말합니다. (자료 : F-secure)\n2. 위험한 건가요?\n 악성코드이기 때문에, 당연히 위험합니다.\n3. 어떤 피해가 생기나요?\n 1번 항목에 답을 합쳐서 설명했으니 1번 항목에 대한 답변을 참고해 주세요.\n4. 이 바이러스를 없앨 수 있나요?\n 가능합니다. 보통은 해당 파일 또는 해당 악성코드에 감염된 파일을 제거하는 식으로 치료합니다.']",2,https://kin.naver.com/qna/detail.naver?d1id=1&dirId=11002&docId=365468179&qb=67Cx7Iug&enc=utf8&section=kin&rank=16&search_sort=3&spq=0,바이러스
2,2020.08.17,[],현재 코로나 백신 제작된 나라는 어느나라인가요?,,"['러시아', '제넥신에서 개발하고 있는 코로나관련 백신과 치료제에 대한 내용을 현재까지 총정리한 글을 소개해 드리겠습니다. \n제넥신이 국내 최초로 백신개발에 성공할꺼 같습니다. \n참고하시기 바랍니다.\nhttps://jejugood.tistory.com/150\n제넥신 투자포인트 총정리(제넥신 단톡방 공유내용 정리)\n제넥신 투자포인트 총정리 <주요 파이프라인> - 바이오베터 : 성장호르몬, 빈혈, 호중구감소증, 2형 당뇨, 단장증후군 - DNA백신 : 자궁경부암 키트루다 병용 - 하이루킨-7 : 삼중음성유방암 키트루다 병용, 흑색..\njejugood.tistory.com']",2,https://kin.naver.com/qna/detail.naver?d1id=7&dirId=7010101&docId=365470107&qb=67Cx7Iug&enc=utf8&section=kin&rank=15&search_sort=3&spq=0,호흡기내과
2,2020.08.17,[],아베사망주 추천해주세요,"아베사망주 추천해주세요
곧 죽을지도 모르니 투자해보게요^^!",['아베가 코로나 감염으로 사망한다면\n코로나 치료제 관련주\n백신 관련주\n진단키트 관련주\n소독제 마스크 관련주\n코로나가 사라지고 아베만 뒤질경우\nlcc항공주를 포함한 항공주\n여행주\n한번 꼽아 봤네요\n아우~ 아베 꼴배기 싫어 ^^'],1,https://kin.naver.com/qna/detail.naver?d1id=4&dirId=40102&docId=365470697&qb=67Cx7Iug&enc=utf8&section=kin&rank=14&search_sort=3&spq=0,"주식, 증권"
2,2020.08.17,[],러시아 백신 스푸트니크V 국내수입 가능성 있을까요??,"지금 러시아에서 3상 들어갔다고 하는데 승인된다면
국내에서 스푸트니크V를 수입할 가능성이 있을까요??","['네, 어느정도는 있다고 볼 수도 있습니다.', '가능성은 있지만\n내용을 보면 100% 백신은 아닌듯 해요..\n1상만 통과시킨거라...\n<러시아 코로나 백신 개발 성공> 세계최초 코로나 백신 개발 (러시아 백신 관련주)\n러시아 백신 코로나 백신 (러시아) _ 러시아가 세계 최초로 코로나19 백신 개발에 성공해 백신 등록을 마쳤다고 발표했다. 블라디미르 푸틴 러시아 대통령은 오늘 원격 내각회의에서 ""오늘 아침 세계에서 처음으..\ndingdo.tistory.com', '음 애매하네요.']",3,https://kin.naver.com/qna/detail.naver?d1id=7&dirId=7010107&docId=365472723&qb=67Cx7Iug&enc=utf8&section=kin&rank=13&search_sort=3&spq=0,감염내과
2,2020.08.17,[],안드로이드폰 보안에 대하여,"몇가지 여쭤볼게요~
1.악성 apk를 설치하지만 않으면 안전한가요?
2.꼭 유료 백신을 설치해야하나요?
3.핸드폰에서 스팸메일을 클릭했을 시 감염될수있나요?","[""1.악성 코드는 apk 말고도 수많은 형태로 존재합니다. zip파일로 있을 수도 있고, txt파일, exe파일도 가능합니다.\n 출처가 분명한 파일들만 쓰시면 됩니다.\n2.아니요. 무료 백신들 중 좋은 것들도 많습니다. 저는 개인적으로 컴퓨터, 휴대폰 모두 '알약'이 가장 좋다고 생각합니다.\n3.네.스팸매일을 읽으려고 열어만 봐도 악성 프로그램이 다운로드 될 수 있습니다.""]",1,https://kin.naver.com/qna/detail.naver?d1id=1&dirId=1070402&docId=365474001&qb=67Cx7Iug&enc=utf8&section=kin&rank=12&search_sort=3&spq=0,안드로이드폰
2,2020.08.17,[],그러면 코로나 언제끝날지는 아무도 모르는거죠?,"그러면 코로나 백신이든 치료제든 나와야알겠지만

언제끝날지는 모르는거죠?",[' 그렇죠...... WTO에서 이번 겨울까지 간다고 그랬었는데 이게 잘못하면 이번 해 안에 안 끝날 수 있다 그러더니\n이게 만성 전염병이 될 수도 있다 그러고.....'],1,https://kin.naver.com/qna/detail.naver?d1id=2&dirId=20606&docId=365465330&qb=67Cx7Iug&enc=utf8&section=kin&rank=20&search_sort=3&spq=0,풋볼매니저
2,2020.08.17,[],요즘 코로나 어떤가요? 치료법이 나왔나요?,"요즘은 밖에도 안나가고해서 모르는데
요즘 코로나는 좀 사그라들었나요..?
발병확률은 점점 심해지고있나요?

치료법 개발됬다고 뉴스에서 본것 같기도한데
예전엔 코로나 걸리면 거의 100 죽지않았나요? 지금은 치료할수 있는건지..","['어제오늘 우리사랑교회에서 확진자가 200명 가까이 나오고 있습니다\n코로나 걸리면 노인층은 죽을 위험이 큽니다. \n백신 개발이 거의 다 되었다고 하는데 아직 치료제가 나온건 아닙니다 ', '지금 백신 개발했다고 러시아에서 약 만들어냈다는데 별로... 믿음은 안가구요\n이전에도 지금도 100% 죽지 않습니다.\n지금 완치자가 몇만명인데요.... 거기에 제 엄마도 있어요. 3번이나 확진 받았다가 완치했고 지금 평범하게 일상생활 중입니다.\n요 며칠 교회쪽이 시끌시끌해서.. 올해말까지는 더 참아야 하지 않을까요.', '네 점점 악화중입니다.']",3,https://kin.naver.com/qna/detail.naver?d1id=7&dirId=70122&docId=365474576&qb=67Cx7Iug&enc=utf8&section=kin&rank=11&search_sort=3&spq=0,응급의학과
1,2020.08.17,"['웹툰', '제로게임', '웹툰내용']",제로게임 내용 질문,"제로게임 41화 붉은 달에서 내용 이해가 잘 안돼요
순위 변동 알려주려고 하는 장면에서 새로운 1위가 백신우에서 인제이. 현 박진아로 바뀌었다고 하는데 그게 무슨 말이에요? 박진아면 박진아고 인제이면 인제이인데 신분 변경권이랑 관련있나요? 또 원래 제일의 계획이랑 백신이 이거 막으려고 신우랑 페어체인지 힌건데 굳이 페어체인지를 해야할 이유가 있나요? 인제이랑 박진영 너무 헷갈려요...",['41화에 인제이가 박진아로 신분변경권을 사용한걸 말해준거에요.\n저희 이해하기 좋게 인제이. 현 박진아가 1위가 됐다 라고 한거죠.\n페어체인지를 함으로써 신우의 10만 라이프를 숨긴거에요.\n신우가 마인드컨트롤을 당해도 산이가 숨겼으니 신우는 모르죠.'],1,https://kin.naver.com/qna/detail.naver?d1id=3&dirId=30511&docId=365477017&qb=67Cx7Iug&enc=utf8&section=kin&rank=9&search_sort=3&spq=0,웹툰
1,2020.08.17,[],윈도우 10 무료 백신 추천 해주세요,제곧내 충돌 안일어나는걸로.. 무료 추천해주세요 광고 신고합니다,"['네이버백신 추천합니다.', '윈도우10에는 Microsoft Defender라는 실시간 백신이 기본적으로 내장되어 있기 때문에 따로 백신을 설치하지 않으셔도 됩니다.\n그리고 크롬처럼 보안 성능이 강력한 웹브라우저를 사용하시는 것이 좋습니다. 크롬에 기본적으로 악성코드, 애드웨어 잡는 기능이 있는데, 이걸 가끔 수동으로 돌려 주시면 좋습니다.\n크롬 광고창, 악성코드 제거 방법\n크롬 쓰다가 광고창이 뜨거나 컴퓨터가 악성코드로 오염되었다 싶을 땐, 크롬 주소 입력하는 부분에 chrome://settings/cleanup 입력 컴퓨터 정리 기능 메뉴가 뜸. 찾기를 클릭하면 한참동안 컴퓨터의 악성코드..\nbulhwang.tistory.com', '안녕하세요. HP 소셜 케어팀입니다.\n윈도우10 최신 업데이트가 되는 버전을 사용하신다면 윈도우 디펜더가 괜찮습니다.\n사용 방법은 아래의 링크를 참고 해주세요^_^\n> 윈도우 디펜더 사용하기(클릭)<\n[참고]위의 링크의 내용들이 도움이 되었다면 링크 문서 하단 설문에 소중한 의견 부탁드립니다.\n참고 부탁 드립니다.\n추가 문의가 있으시거나, 실시간 지원이 필요하신 경우는 HP 공식 카카오톡 채널을 추가 해주시고 1:1상담을 통해서 지원을 받아 주시기 바랍니다.\n  HP코리아 카톡 고객센터\n1:1상담 | 서비스센터 정보 | \n출장서비스 접수 | 24/7문제해결 챗봇 | 제품드라이버\n 모바일 바로가기: http://bit.ly/2YbX6ub \nPC 바로가기: http://hp.care/2totCdw ']",3,https://kin.naver.com/qna/detail.naver?d1id=1&dirId=10301&docId=365479039&qb=67Cx7Iug&enc=utf8&section=kin&rank=8&search_sort=3&spq=0,윈도우
1,2020.08.17,"['질병', '백신', '연구', '직업']",백신을 연구하는 직업을 뭐라고 하나요?,"백신을 연구하고 만드는 직업의 전문적인 이름을 알고싶어요.

자세히 말하자면 코로나 바이러스같은 질병의 백신을 만들기 위해 연구하는 직업을 말하는 거에요.","['백신을 개발하는 사람을 전문적으로 부르는 말은 없고, 생명공학자와 화학공학자가 백신개발을 수행합니다. \n화학적인 구조를 알고 이런 물질들을 인공적으로 합성하는 일은 화학공학자들이 수행하고,\n생물학적인 반응을 연구하거나, 이를 통해 특정물질을 추출해내는 일은 보통 생명공학자들이 수행합니다.', '대학에서 학생들 가르치던 교수님들도 백신 개발 연구에 뛰어드실 수도 있고, 다른 연구하던 제약회사 연구원들도 백신 연구에 뛰어들 수 있습니다. 딱히 그들을 부르는 명칭이 따로 있는 건 아닙니다. 백신 개발자(Vaccine developer) 정도로 부를 수 있겠습니다.']",2,https://kin.naver.com/qna/detail.naver?d1id=11&dirId=111601&docId=365481577&qb=67Cx7Iug&enc=utf8&section=kin&rank=7&search_sort=3&spq=0,분자생물학
1,2020.08.17,[],생명과학2 세특주제,생명과학2 세특을 써야하는데요 제가 동물분야랑 백신쪽에 관심이 있는데 어떤 주제를 연관짓는게 좋을까요ㅠㅠ 웬만한건 다 배웠어요,['생명과학2 마지막 단원 보시면 생명공학기술단원이 있습니다.\n교과서 보시면 단일클론 항체랑 동물복제 기술등 다양한 생명공학기술 있어서 자세히 찾아보시면 충분히 동물분야랑 백신쪽에 관련지을수 있을것 같아요!\n참고로 저는 단일클론항체로 세특 썼습니다'],1,https://kin.naver.com/qna/detail.naver?d1id=11&dirId=110404&docId=365481951&qb=67Cx7Iug&enc=utf8&section=kin&rank=6&search_sort=3&spq=0,과학
1,2020.08.17,['#문제풀이'],코로나가 중국 우한에서 최초로 발병된걸로 아는데,정확히 코로나가 어째서 터지고 번지게 된거죠???,"['중국이 백신 팔아먹을려고\n일부로 바이러스를 사람들 몸에 심어서 세계각국에 보냈다는 비언이 있습니다', '아마도 쥐나 박쥐 같은 병균이 많은 동물?을 ㅇ먹어서 생긴걸로 살고 있고 퍼지게 된거는 \n중국이 아마도 관리를 제대로 안하고 방치하고\n있어서 그런것같아요 제가 알기로는 그럿다네요', '야생동물 때문에 그런거여서 피해를 줬습니다.', '코로나는 일종에 독감같은겁니다. \n최초는 동물에서 생겼고 그것이 사람에게 전염이 되면서 변형이 계속 된것이죠.\n그러나 치료제를 발견하고 계속 치료를 하다보니\n사람도 진화를 격어 왔듯이 바이러스도 진화를 한것인데요.\n대표적으로 코로나는 메르스.사스가 더 있죠.\n여러 루머가 많이 돌지만 현재 어떻게 만들어진것이라는 것의 대한 정의가 현재 없는 상황입니다.\n중국 우한 연구소에서 메르스,사스에 대한 바이러스 연구를 통해 변형 된 바이러스가 현재의 C19이다 라는 말도 현재 존재는 합니다.\n현재의 중국이 공산주의인점 언론통제가 가능한점을 들자면 숨기고 있을 확률이 매우 높습니다.\n실제 WHO라는 국제보건기구에서도 조사를 갈때 재대로 조사를 못 할 정도로 바이러스에 대해서 상당 수 많이 숨기는 것이 많으니까요.']",4,https://kin.naver.com/qna/detail.naver?d1id=11&dirId=1116&docId=365482135&qb=67Cx7Iug&enc=utf8&section=kin&rank=5&search_sort=3&spq=0,"생물학, 생명공학"
1,2020.08.17,[],한국에 있는 종교 다 알려주세요,"무교 로 살아온지 5년이 됐네요 그래서 그런지
한국에 있는 종교 다 알려주세요
기독교 천주교 불교 원불교 뭐 이정도 알고 있는데 더알고 싶네요 ㅋ
사이비 종교 이단 도 다 알려주세요 신천지 이정도 만 알고 있는데 더 알고 싶네요","['                        어느 종교가 참종교인가? \n인간은 종교적인 동물이라는 표현이 무색치 않을 만큼, 사람이 사는 곳이면 세계 어느 나라 어느 동네를 가 보아도 종교의 행위가 있는 것을 볼 수가 있습니다.\n그런데 ""종교는 무엇이며 당신은 왜 종교가 필요합니까? 라고 질문한다면 ""보다 나은 내일을 위하여"" ""인생이 힘들어서"" ""내 마음의 평안을 위해서"" ""인생 저 너머를 바라보고 싶어서“ 등의 대답들이 나올 줄 믿습니다.\n옳습니다.\n종교는 신(神)의 세계, 영혼의 세계를 바라보는 것이요, 내 영혼이 평안해야 내 마음이 평안할 터이니, 참 종교는 영혼의 구원뿐만이 아니라 이생의 삶까지도 보장받는 전인적(全人的) 구원이라고 봅니다.\n그렇다면 가히 종교의 홍수라고 할 수 있는 오늘날 이 사회에서 과연 어떤 종교를 선택해야 영혼이 구원을 받으며 내 인생을 성공으로 장식할 수가 있을까요?\n유교, 불교, 기독교(그 중에서도 어느 교파가 참 기독교인지)등을 비롯해서 수많은 종교가운데 당신은 과연 어떤 종교를 선택하시겠습니까?\n오늘날 우리 나라에서 대표적인 종교(신도 수 중심)라고 한다면 유교 불교, 기독교를 들 수가 있을 것입니다.\n유교는 ""공자학의 종교적 일컬음""이라고 정의합니다.\n불교는 ""부처의 가르침""이라고 정의할 수 있을 것입니다.\n그런데 불교는 범신론 같기도 하고 무신론 같기도 하고 무(無)의 사상 같기도 한데.. 유교나 불교는 세월이 흘러오면서 교조(敎祖)의 가르침에 없었던 새로운 사상들이 후세의 지도자들에 의해 많이 추가됨으로 해서 사상과 개념을 아는 것마저도 우리 같은 범인(凡人)들에게 대단히 어려운 것이 사실입니다.\n일부의 종교학자들은 교조의 가르침이 변질되었고 심지어 공자나 석가는 종교를 만들지도 않았는데 후세의 사람들이 사람(공자, 석가모니)을 신(神)으로 만들어서 오히려 욕을 먹이는 결과를 초래하였다고 주장하는 학자가 있는 것도 사실입니다.\n다만 여기서는 상식으로서 이해되지 않는 부분, 또는 기독교적 입장과 상이한 점들을 살펴보기로 합니다.\n유교의 신관(神觀)은 상제(上帝)의 주재 하에 백신(白神)이라 하여 일월성신을 비롯한 자연신 숭배의 다신 숭배사상인데..\n글쎄요? 일월성신 풍우, 뇌(雷)지(地) 동구 밖의 고목, 큰 바위 등에 신(神)이 있는지에 대하여는 여러분의 판단에 맡기고, 다만 공자(孔子)의 ""예기""에 사람이 죽으면 혼기(魂氣)는 \'하늘로 돌아가고 혼백은 땅으로 돌아간다고 했는데 사후의 인간의 영혼이 하늘에 올라가서 하늘의 어디에서 어떤 모양으로 살게 되는 것인지? 인륜을 강조하면서도 이생에서 행한 선악의 결과가 내세에 있어서는 구체적으로 어떻게 응보 되는지에 대하여 설득력 있는 해답을 주지 못하고 있으며, 조상의 영혼이 이 세상에 왕래하는 것으로 생각하여 조선(祖先)에게 제사를 드리는데.. 한가지 이상한 것은 집안에 우환(질병)이 생겼을 때 무당에게 점을 쳐보면 ""돌아가신 조상님(구체적으로 지적함)이 예쁘다고 만져 보아서 그렇다""고 굿을 하라고 합니다.\n굿을 하면 실제로 낫는 경우가 더러 있습니다.\n그런데 한번 생각해 보십시오.\n예쁘다고 만졌는데 왜 병이 됩니까?\n성경은 인간의 영혼은 그 육체를 떠나면 하늘로 올라가서 하나님 계시는 천국이나 또는 지옥으로 들어가며 사후의 인간의 영혼은 이 세상에 내려 올 수 없다고 분명히 가르치고 있습니다.\n그것은 다만 귀신이 조상의 흉내를 내며 장난하는 것입니다\n귀신은 영물(靈物)입니다.\n이 세상에서 일어나는 모든 일들을 다 볼 수 있으며 과거의 사건들을 다 알고 있습니다.\n귀신에게 속지 마시기 바랍니다.\n한가지 짚고 넘어 갈 것은 공자(孔子)는""논리""에서 ""사람이 이 세상의 일도 다 알 수 없으니 사후의 일을 어찌 알 수 있겠는가?“ 라고 대답했으니 결국 인간의 혼의 존재는 인정했으나 영혼의 구원문제는 해결은 고사하고 ""길""조차도 알지 못했다는 결론입니다.\n불교의 핵심사상은 윤회론(輪回論)이라고 할 수 있을 것인데 이 윤회설이야말로 최대의 모순점이라고 봅니다.\n사람이 죽으면 이생의 업보에 따라 인간으로 또는 축생(畜生)으로 환생한다고 했는데 이것은 모든 짐승, 심지어는 뱀이나 미물, 생쥐 한 마리까지도 영혼이 있다는 정의가 성립되며, 이는 곧 인간이란 짐승, 심지어는 생쥐 한 마리와 다를 바가 없다는 결론이 되어 버립니다.\n또 한가지. 당신은 당신의 조상(할아버지 아버지, 아니 사랑하는 어머니)이 짐승으로 환생한 경우를 생각해 보셨는지요. 인간은 짐승을 잡아먹기도 하고 일도 시키고 죽이기도 합니다. 수많은 육식동물들, 일례로 고양이 같은 동물은 쥐를 잡아먹고 남의 집 생선도 훔쳐먹는 것이 본성인데 언제 어떻게 공덕을 쌓아서 극락 왕생할 것입니까?\n모든 것은 무상하며 만물은 인연에 따라 생멸 한다고 했는데 그 인연, 즉 생명의 근원은 어디에서 왔습니까?\n극락은 누가 만들었으며 누가 주인입니까? 공자님이나 석가님의 가르침이 인간사회의 윤리 도덕적인 면에서 크게 공헌했고 우리는 그 분들에게 성인이라는 칭호를 드리는데 인색할 수는 없을 것입니다.\n그러나 공자도 석가모니도 신이 아니라 가정을 가졌던 사람일 뿐 입니다. 그분들 스스로는 분명히 자신을 신(神)이라고 말한 적은 없습니다. 후세의 사람들이 인간을 신으로 만들어 놓은 것입니다.\n그렇다면 기독교는 어떻습니까? 기독교란 ""예수 그리스도의 교"" 요 ""하나님""을 믿는 종교입니다.\n기독교에서 정의하는 ""인간이란 하나님의 형상대로 지음 받은 존귀한 존재""라는 것입니다.\n석가모니는 6년 고행 후에 ""길을 발견했다""고 했습니다. 그런데 예수는 ""내가 곧 길""이라고 했습니다, 석가모니가 평생을 수도하여 통한 도는 ""인간은 이 세상에서 미미한 존재요 모든 것은 무상(無常)하다""는 자기 발견이라고 봅니다.\n최후의 일언도 ""모든 것은 무상하니 게으르지 말고 스스로 노력하라""는 것이었습니다.\n그런데 예수는 자기자신이 ""하나님의 아들이요"" ""하나님""이라고 했습니다.""나는 길이요 진리요 생명(요14:6)이라고 말했으며 자신이 이 세상을 떠나 승천할지라도 ""성령(聖靈)을 너희에게 주사 영원토록 너희와 함께 있게 하리라 ""볼지어다 내가 세상 끝날 까지 너희와 항상 함께 있으리라""(마28:20)고 했습니다.\n다시 한번 요약해 봅니다. 석가모니는 ""생로병사(生老病死)의 고(苦)를 해탈(解脫)하는 길(그 길의 진위여부를 떠나서)을 발견했다고 했습니다.\n예수는 ""자기 자신이 곧 길이요 생명""이라고 했습니다.\n석가모니는 ""너 스스로 노력하여 자신을 구원하라""는 이야기입니다\n예수는 ""인간은 스스로 자신을 구원할 수가 없다. 내게로 오라 내가 너를 구원하여 주겠다. 내가 너와 함께 하여 너를 도와주겠다""는 것입니다\n이것이 요점입니다. 불교는 모든 고통은 집착에서 오는 것이다. 그러므로 집착을 멸(滅)해야 한다. 집착을 버리고 해탈하여 열반(涅槃)에 이르기 위한 실천의 도(道)로 8정도(八正道-바른견해,의지,언어,행위,생활,노력.思念.瞑想)를 행하고 삼학(三學-械.定.慧)을 닦을 것이다,....\n결국 불교는 자기 욕망을 버리려는 스스로의 수련(修鍊)과 고행(苦行)의 길이요\n기독교는 성령(聖靈)의 인도하심 따라 예수와 동행하며 찬송하며 광명의 길을 걸어가는 즐거운 길이요 천국으로 가는 생명의 길입니다.\n여기에서 지혜를 얻으시기 바랍니다.\n기독교의 성경에는 우주만물을 하나님이 창조했다고 기록했습니다.\n""여호와(하나님)는 하늘을 펴시며 땅의 터를 세우시며 사람 안에 심령을 지으신 자""(슥12:1)라고 했습니다.\n하나님께서 말씀합니다.""네 구속 자요 모태에서 너를 조성한 나 여호와가 말하노라 나는 만물을 지은 여호와라 나와 함께한 자 없이 홀로 하늘을 폈으며 땅을 베풀었고...""(사44:24),\n""과연 내 손이 땅의 기초를 정하였고 내 오른손이 하늘을 폈나니 내가 부르면 천지가 일제히 서느니라""(사48:13)......\n이 얼마나 멋있는 선언입니까?. 과연 창조주이신 하나님만이 하실 수 있는 말씀 아닙니까? 한번뿐만이 아니라 수 없이 반복했습니다.\n""나는 빛도 짓고 어두움도 창조하며 나는 평안도 짓고 환난도 창조하나니 나는 여호와라, 다른 이가 없느니라""(사45:7)....\n어떻습니까! 어느 종교 교주가, 어느 신(神)이 감히 내가 너를 창조했노라고, 이 우주를 내가 창조했노라 말한 종교가 있습니까?\n여러분! 이제는 어느 종교가 참 종교인지, 과연 창조주가 누구인지 이해가 가실 줄 압니다. 이제는 어느 종교를 선택해야 할 것인지 결정할 수 있을 것입니다.\n그렇습니다. 오직 하나님을 내 아버지라고 부르는 예수교. 기독교가 참 종교요 창조주 하나님이 세우신 종교인 것을 아시기 바랍니다\n여러분! 알기만 하고 실행하지 않는다면 아무런 소용이 없습니다.\n인간은 건망증이 심한지라, 내일은 이 귀한 진리를, 천금보다 귀중한 이생명의 진리를 잊어버리게 될 것입니다 오늘, 당장 결정하시고 나오십시오.\n혹시 과거의 소속감에 집착하여 또 신상 앞에 경배하며 치성을 드리니 소원성취 되는 것 같고 병도 낫는 것 같은 매력을 느끼십니까?\n옳습니다. 그러한 기적의 역사는 오늘날 내노라 하는 이름 있는 종교뿐만이 아니라 샤머니즘적 미신종교에서도 나타날 수 있습니다.\n하나님의 능력에는 감히 버금할 수 없을지라도 사귀(邪鬼)도 영물(靈物)이므로 대단한 능력을 가지고 있으며 그의 신도들에게 때로는 선심도 쓰겠지요. 그러나 그 길은 사망의 길이요 그 결국은 사망이라는 것이 성경에서 가르치는 하나님의 엄위하신 공언(公言)입니다.\n하나님은 말씀하십니다""위로 하늘에 있는 것이나 아래로 땅에 있는 것이나 땅 아래 물 속에 있는 것의 아무 형상이든지 만들지 말며 그것들에 절하지 말라""(출20:3-5)...형상 자체도 만들지 말라고 했습니다.\n어떤 신의 형상도, 성모상도, 베드로상도, 예수님상(像)까지도 만들어서 그 앞에 경배(절하고 기도하는)하는 것은 우상숭배의 행위일 수밖에 없으며 하나님의 계명에 어긋나는 행위입니다.\n성경에하나님은 거룩하시니 사람의 손으로 지은 전(殿)에 상(像)으로 계실 수 없으시며 다만 이름만 두신다...(열상9:3,행17:24-25)고 하였습니다.\n하물며 사람이돌이나 나무로 깍아 만든 신상(神像), 부어만들어서 금을 입혀 놓은 신상 속에 들어가 있는 신이 너를 구할 수 있겠느냐?(합2:18-19,시115:4-8)고 하나님은 인간에게 질문하고 계십니다.\n이 질문에 대하여 당신께서는 어떻게 생각하십니까?\n독자 여러분! 진정 기적의 역사를 보시려거든 교회로 나오십시오,\n기독교는 체험의 종교라고도 합니다.\n여러분이 교회에 나오시면 수많은 기적의 역사와 더불어 찾고 찾으면 하나님도 만나볼(성령체험) 수 있을 것이며 천국도 볼 수 있게 될 것입니다.\n이제는 결단하시고 교회로 나아 오십시오.\n그리하셔서 예수님을 나의 구세주로, 하나님을 나의 아버지로 모실 때 당신은 하나님의 자녀로서 영혼의 구원은 말 할 것도 없거니와 고해(苦海)같은 이 세상을 사는 동안 능력의 하나님. 사랑의 예수 그리스도와 손잡고 걸어가는 당신의 인생은 밝고 아름다운 내일을 보장받게 될 것입니다.']",1,https://kin.naver.com/qna/detail.naver?d1id=6&dirId=60905&docId=365486439&qb=67Cx7Iug&enc=utf8&section=kin&rank=4&search_sort=3&spq=0,원불교
1,2020.08.17,[],코로나19 언제 종식되나요? 코로나때매 해외여행도 못가고 여름에도 마스크를 쓰고다니고 도대체 언제쯤 종식되요? 지금 7개월정도 지속되고있는데 올해안에는 끝나겠죠? 백신은 개발되고있나요?,,"['그것을 누가 알까요? 백시도 안나온 상황인데요?\n지식인 너무 과대 평가 하시네요..', '종식은 없을 것  같습니다.\n백신 개발이  내년이나 되어  보급이 된다해도 이 코르나가 변종을  일으켜\n몇배로 빠른 전파를 하기  때문에\n여기에  대한 대책이 나오지 않고\n있어요.\n지금의 추세로는\n해외 여행은 영상 여행   뿐일 것 같습니다 \n오년 후  십년 후에도\n희망이 없을것 같습니다.', '하아 답답하네요.', '코로나19 사태는 백신과 치료제가 개발된다고 하더라도 현재의 대처방법으로는 쉽게 끝날 수 없다고 생각합니다. \n이유는 (1) 코로나19는 백신을 사용해도 일정기간 후에 인체에서 코로나19 항체가 사라지면 또 다시 감염될 수 있기 때문입니다. (2) 치료제가 개발되도 사용하는 사람은 고비용 부담이 예상되기 때문입니다. - 암조직을 없애는 항암약물치료비용과 세포속의 세포질(RNA)에 감염된 코로나19 바이러스를 없애는 약물의 비용을 비교했을 경우 \n코로나19 사태를 현실적으로 대처할 수 있는 방안은, 코로나19에 감염될 수 없도록 인체세포와 면역기능을 건강하게 만들어주는 것입니다. \n이유는 (1) 인체의 세포가 건강해야만 정상적인 면역기능이 유지될 수 있기 때문입니다. - 이는 세포가 손상되거나 노화된 노약자는 정상적인 면역력을 유지할 수 없는 것과 같은 것입니다. (2) 세포건강으로 면역기능이 정상적으로 유지되면 코로나19 바이러스 감염을 막을 수 있기 때문입니다. (3) 코로나19 백신이나 치료제를 개발하는 것보다 적은 비용으로 인체세포를 건강하게 만들어 주는 것이 더 빠르기 때문입니다. \n세포를 건강하게 만들고 면역기능을 정상적으로 유지하려면, 세포성분과 같은 RNA핵산을 사용하면 됩니다. \n이유는 (1) 세포는 뉴클레오타이드 염기의 중합체인 DNA와 RNA핵산으로 이루어져 있고, 세포의 분열을 촉진시켜서 손상된 세포를 재생하고 건강하게 만들어주는 물질이 RNA핵산이기 때문입니다. (2) 따라서 세포성분과 같은 뉴클레오타이드로 만들어진 RNA핵산을 사용하면 코로나19의 감염을 막을 수 있는 것입니다. (3) 세포가 건강하면 면역기능은 정상적으로 유지되기 때문입니다. \n세포건강연구소 : 네이버 카페\n세포재생 면역조절로 질환 및 암치료/ 후유증완화/ 전이예방을 세포면역물질인 바이오 RNA로 연구\ncafe.naver.com']",4,https://kin.naver.com/qna/detail.naver?d1id=7&dirId=70117&docId=365489700&qb=67Cx7Iug&enc=utf8&section=kin&rank=3&search_sort=3&spq=0,가정의학과
1,2020.08.17,[],노트북 질문,"오늘 인터넷으로 노트북을 첫구매를 했습니다 그런데 인터넷도 안되고 터치패드도 안되는 등등 여러가지가 안되더라고요 윈도우는 설치했는데 그 외 설치해야할게 있나요? 아니면 또다른 드라이버가 있나요 

제가 구입한 노트북은 에이수스 게이밍노트북 G731GU-EV001 입니다 ",['윈도우10 운영체제는 웬만한 드라이버는 자동으로 설치가 되어지는데 설치가 되어지지 않는 드라이버는 수동으로 설치를 하셔야합니다 \n3dp chip라고 설치하시면 드라이버 설치가 가능합니다. 또한 윈도우 업데이트 와 백신프로그램 설치하시면 보안상으로도 강화가 됩니다.\n메인보드 칩셋.사운드카드.그래픽카드 드라이버등등을 설치해 주셔야 합니다.'],1,https://kin.naver.com/qna/detail.naver?d1id=1&dirId=10102&docId=365491901&qb=67Cx7Iug&enc=utf8&section=kin&rank=2&search_sort=3&spq=0,노트북
1,2020.08.17,[],트로이목마 바이러스 감염 급해요!,얼마전 노트북을 키는데 알약에서 트로이목마 바이러스에 감염됐데요 계속 치료는 하긴하는데 해결법좀 주세요ㅜㅜ 급해요,"['치료된 개체의 감염 경로를 안다면 좋겠습니다만, 통상 치료를 했음에도 문제가 지속되는 경우, 아래와 같은\n원인이 대부분입니다.\n1. 불법 크랙 프로그램(특히 KMS_AUTO와 관련된 경우) 사용\n2. 시스템 영역에 상주하면서 감염된 경우 발생할 수 있는 문제\n3. 제휴 프로그램의 형식으로 지속 설치가 이뤄지는데도 불구하고 해당 제휴 프로그램의 사용을\n중단하지 않는 경우.\n상기 경우는, 안전모드의 위치에서 시스템을 전체 정밀 검사 하시기 바랍니다.\n알약은 안전모드에서도 기능 수행이 가능한 백신입니다.\n참고하시고 도움이 되시길 바랍니다.']",1,https://kin.naver.com/qna/detail.naver?d1id=1&dirId=11002&docId=365475518&qb=67Cx7Iug&enc=utf8&section=kin&rank=10&search_sort=3&spq=0,바이러스
5,2020.08.17,[],뱀독 관련 질문드립니다.,"안녕하세요
진짜 진지하게 뱀독을 합법적으로 허가를 받아 내년부터 본격적으로 독사들을 탐색하여 부업으로 할생각 입니다.

Q.1 뱀독에도 유통기한이 존재하나요?

Q.2 만약 뱀독을 구했다 하더라면 병원에 직접 들고 찾아가야되나요? 아니면 뱀독을 구하는 정식적인 단체가 따로 있나요?

Q.3 뱀의 약점이라고 볼 수 있는 공통부위가 어디일까요?

Q.4 칠점사가 국내보호대상으로 알고 있습니다.그럼 합법허가를
받는방법을 알아보려면 어디로 찾아가야 될까요.","[""1. 단백질 복합체이므로 유통기한이 존재하며, 동결건조를 통해 냉장 장기 보관이 가능합니다.\n2. 병원에서는 뱀독을 이용할 일이 없습니다. 공식적으로 뱀독을 산다는 회사는 본적이 없습니다.\n솔직히 사독백신 제작에 이용될 뿐인데, 요구량도 적을 뿐 아니라 이런 일을 하는 회사도 드무니까요.\n(뭐 다른 용도가 있는듯은 하지만 딱히.....)\n3. 뱀은 몸통으로 조이는 것 이외에는 무는 것밖에 하지 못합니다. 그래서 목을 잡는거죠.\n4. 포획은 일반적으로 금지되어 있습니다.\n그리고 이런 상업적 목적으로 허가를 내주지도 않죠.\n'증식허가'는 있는데 조건 맞추셔야 하고, 요즘은 포획개체 이용하라고 하지 않고\n그냥 다른 농장에서 개체 사서 번식시키라고 합니다.\n아, 야생개체라도 독만 채취하는건 불법 사항이 아닙니다. 포획도 매매도 아니니까요. 실제 그런 헛점이 있어서 야생개체를 잡아 현장에서 독만 채취하고 바로 풀어주는게 TV에서도 나왔죠.\n(뭐 그분은 이런저런 가공으로 피부에 좋다는거 만들던거 같더군요.)""]",1,https://kin.naver.com/qna/detail.naver?d1id=8&dirId=80509&docId=365434738&qb=67Cx7Iug&enc=utf8&section=kin&rank=43&search_sort=3&spq=0,"파충류, 양서류"
3,2020.08.17,"['백신', '바이러스해결방법', '바이러스']",바이러스 백신 만드는 법,"바이러스 백신은 어떻게 만들어지나요?
막 전문 용어...같은 거 말고 일반인이 충분히 알아들을 수 있게... 설명해주세요..
지식인에 찾아보니까 백과사전에 있는 거 그대로 옮긴 거 같은 막 어려운 말들만 있어서...훌쩍","[' 바이러스 백신, 즉 안티바이러스 소프트웨어 프로그램은 보통 아래와 같은 기능을 구현하여 만들어집니다. 답변하는 입장에서 만드는 법(..?)보다는 어떤 기능이 들어가서 구현이 되어야 하는지를 설명하는 것이 훨씬 더 적절할 것 같네요.\n <백신 프로그램은 아래와 같은 기능이 구현되어야 합니다..>\n - 악성 프로그램과 일치하는 프로그램이나 파일이 있는지 컴퓨터 내 파일을 빠르게 비교, 대조해야 합니다.\n - 외부에서 최신 악성 프로그램과 그의 특징, 구성 요소 등에 대한 정보를 주기적으로 받아와야 합니다.\n - 악성 프로그램은 그 변종이 매우 다양하고 만들기 쉽기 때문에 대조/비교하는 식으로는 효과적으로 대응하기 어렵습니다. 따라서, 악성 프로그램이 어떻게 동작하는지 많은 사례를 통해 학습하고 특정 파일의 수상한 움직을 잡아내서 격리(quarantine)시킬 수 있어야 합니다.\n - 악성 프로그램을 사용자 요청에 따라 제거시키거나 파일 내용을 정상적으로 고칠 수 있어야 합니다.\n - 의심스러운 프로그램을 따로 격리해 제한된 구역 내에서 실행해 본 다음, 괜찮은지 판단해야 합니다. 이를 샌드박스(sandbox)형 검사라고 합니다.\n - 외부에서 오는 수상하거나 불법적인 접근을 선제 차단하고 사용자에게 알릴 수 있어야 합니다.\n - 상시적으로 컴퓨터 내 파일을 감시해 불법적인 접근이나 악성 프로그램이 있는지 감시할 수 있어야 합니다.\n - 백신 프로그램을 개발한 회사는 적극적으로 보안 위협에 연구하고 최대한 정확하고 빠르게 프로그램을 업데이트 할 수 있어야 합니다.\n - 새로 연결되는 외부 기기들을 연결시키기 전에 먼저 검사를 할 수 있어야 합니다.\n 이런 기능들을 프로그램에 집어넣고, 계속 끊임없이 개발하고 유지하고 개선하고 연구하고 업데이트하는 것, 그것이 바로 백신, 다시 말해 안티바이러스 소프트웨어를 만드는 과정입니다.']",1,https://kin.naver.com/qna/detail.naver?d1id=1&dirId=11002&docId=365464203&qb=67Cx7Iug&enc=utf8&section=kin&rank=21&search_sort=3&spq=0,바이러스
3,2020.08.17,"['코로나19', '백신개발']",코로나 19 백신개발,"코로나 19 전세계 하루 확진자가 20만명이라고 하는데 백신이 나와야 난리가 끝날 것 같은데 백신개발은 어느정도 진행된건가요?? 백신개발이 이제 시작인건지, 하는 중인건지, 거의 다 된건지 궁금합니다.
러시아에서 백신 임상실험을 하고 있다고 하는데 그 백신이 신뢰할 수 있는건지, 신뢰할 수 있다면 곧바로 시중에 풀리는 건지 궁금합니다.","['안녕하세요 Rya 입니다..\n엄... 최근 보도 된 기사 중에서 말레이서 10배 강한 코로나가 나왔다고 해서\n치사율도 높은 걸로 아는데 \n코로나 바이러스는 말 그대로 바이러스이기 때문에 백신을 만들어내기가 무지 까다롭습니다.\n변종도 끊임없이 될 뿐더러 \n백신을 다 만들어냈다고 해도 임상시험을 통해 안전여부 결과를 알아내는 데에 많은 시간이 걸리기 때문에\n임상시험의 결과가 좋게 나와서 시중에 판매되게 된다면 믿을 수 있는 백신이고, 곧바로 시중에 풀리게 될 겁니다.\n계속 되는 변이에 만들던 백신이 다시 무로 돌아가 처음부터 백신을 만드는 상황이 반복되고 있습니다..\n연구원들도 죽어나가고 의사분들도 죽어나가죠..\n답변에 도움이 되셨다면 채택 꼭 부탁드리겠습니다!!', '러시아에서 백신 승인했다고해도\n상용화되는데 시간이 걸리고 또 변종도 많아서\n바로 효과를 기대하기가 어려울듯보입니다\n시간도 걸릴듯하고요...\n아무쪼록 백신이 나오고 치료제가 나오기를 희망하며\n지금까지 해왔던것처럼\n우리모두 앞으로도 예방수칙 생활화하기로해요..\n마스크착용\n손씻기\n생활속거리두기\n그리고 코로나에 면역력을 키워야하는거 아시죠?\n제가 먹고있는것도 있고한데 이 사이트 몸에 좋은 제품들\n많이 판매하고 가격도 착하드라구여..\n추후 도움되시길...\n녹용이나 홍삼, 건강즙도 좋고요\n비타민, 프로폴리스, 오메가3, 미네랄, 포도당마시는 음료,\n밀크씨슬, 루테인, 쏘팔메토, 장건강을 위한 제품, \n뼈건강이나 관절건강, 뷰티를 위한 제품, 콜라겐, 눈건강 면역력증진등등\n건강식품들도 골고루 나눠져있어요\n이번에 들어갔더니 이벤트도 하네요~\n제품 구매하신분들 카카오톡 하루건강엔 친구추가하시고\n1:1 대화로 참여완료 남기시면 추첨해서 제주신화월드 숙박권을 주는 이벤트에요\n한번 체크해보세요^^\n코로나 종식되기를 바라며 가족모두 건강유의하세요\n면역력 잘 키워서 강화시키고 코로나 잘 이겨내기로해요!\n미리 예방하는게 최우선일듯합니다\n가족들에게 맞는 영양제 한번 체크해보세요~~\n국산 마스크, 손소독제도 판매하네요\nhttps://smartstore.naver.com/haruhealthy\n하루건강엔 : 네이버쇼핑 스마트스토어\n하루건강엔 여기! 건강한 매일을 위해 안전하고 정직한 제품만을 소개합니다.\nsmartstore.naver.com', '역사를 보면 알수있습니다.\n코로나백신은 나올수 없습니다.과거 감기바이러스 대유행시기에도 백신은 나오지 않았습니다. 즉 감기는 변이성이 높기때문에 딱 맞는 감기바이러스는 없습니다. 그렇다면 어떻게 되냐구요?\n시간이 지나면  서 조용해질껍니다.\n어떻게 아냐구요? 언론이 조용해지는게 끝나는겁니다.\n전세계인이 감기로 매년 엄청난 사람들이 죽어요.\n근데 우리는 크게 신경쓰지 않앗죠. 왜냐구요?\n언론이 떠들어대지 안아서요.\n감기는 자기 면역성만 유지만 잘해주면 충분히 극복하는 질병이예요. 스스로 낫는방법밖에 없어요.\n백신을 맞는다해도 결국 감기에 걸려요.\n두려워하지마시고 위생철저히 몸관리잘하면 괜찮아요.']",3,https://kin.naver.com/qna/detail.naver?d1id=7&dirId=7010107&docId=365462644&qb=67Cx7Iug&enc=utf8&section=kin&rank=23&search_sort=3&spq=0,감염내과
5,2020.08.17,[],사망시까지 써야 하나요??,"우리가 지금 마스크 쓰는거
사람이 사망할때까지 마스크 써야 하는건가요????","['코로나가 끝나면 벗을수 있습니다. 코로나가 죽을때 까지 가면 죽을때까지 써야죠', '아니요 당분간만요 써요', '코로나만 안정화 될때까지 써야죠 ', '백신이 개발되지 않는다면 그럴 수 밖에 없습니다.\n코로나는 치료를 제대로 받으면 생존률이 높지만 너무 퍼지는 속도가 빨라 병원에 터져나가는게 문제입니다.\n병원이 터져나가지 않게하려면 마스크 말곤 별 방법이 없죠.', '코로나가 안정화되면 안 써도 돼요']",5,https://kin.naver.com/qna/detail.naver?d1id=6&dirId=61303&docId=365442512&qb=67Cx7Iug&enc=utf8&section=kin&rank=41&search_sort=3&spq=0,사람과 그룹
4,2020.08.17,"['강아지접종', '강아지접종에대해서물어보려구요', '강아지', '강아지3차접종', '강아지4차', '5개월강아지']",강아지 예방접종,"다니던 동물병원에서 접종을 잘못맞췄습니다
원래라면 3차를 맞아야 하는데 4차를 맞춰놨더라구요
전화해서 물어봐도 우물쭈물거리고 애기한테 아무이상 없을까요..",['이상은 없어요\n보통은 2주 간격으로 3차례 접종하지만\n병원에 따라서는 회수가 다를 수도 있습니다만\n어느 걸 먼저 맞고 나중에 맞고는 크게 중요하지 않고요\n백신을 모두 접종했는 지가 더 중요하지요\n그러니 너무 걱정하진 마시고요\n다음 번에 가시면 접종기록을 보고 접종하지 않은 걸 놔 줄 겁니다\n걱정하지 마세요... '],1,https://kin.naver.com/qna/detail.naver?d1id=8&dirId=80511&docId=365442736&qb=67Cx7Iug&enc=utf8&section=kin&rank=40&search_sort=3&spq=0,동물의료상담
4,2020.08.17,[],피파 화면,피파 하는데 갑자기 경기속도 개빨라지고 화면 뚝뚝 끉어지는데 어케함,"['인터넷 문제인듯', '1.인터넷이 느린경우\n이경우 인터넷 요금제가 싼거라서 기본적인 속도가 느리다거나 아니면 원래는 빠른데 다른원인(바이러스,광고 등)으로 느려진겁니다\n인터넷 속도 측정 사이트애서 속도를 측정해 보세요\n200~300정도면 원활한 겁니다\n2.윈도우 10을 쓰는경우\n작업관리자를 실행하면 어떤 프로그램이 cpu를 잡아먹고 메모리를 얼마나 잡아먹고 하는게 뜹니다\n윈도우 10이라면 특정 프로그램이 뜬금없이 cpu를 20퍼센트 차지하기도 합니다\n그런프로그램이 열가지가 넘는 경우가 충분히 있습니다\n창 모드로 게임을 하면서 어떤 프로그램이 cpu를 잡아먹는지 확인하고 인터넷으로 검색해서 그 프로그램이 cpu를 잡아먹지 못하도록 조치를 해야 합니다\n제 경우에도 인터넷은 빠르나 저 문제로 렉이 많이 걸렸습니다\n윈도우 백신,드라이버 업데이트 프로그램,정보를 마이크로 사로 보내는 프로그램 등 때문에 렉이 걸렸죠', 'WIFI문제 같은데요']",3,https://kin.naver.com/qna/detail.naver?d1id=2&dirId=20608&docId=365442904&qb=67Cx7Iug&enc=utf8&section=kin&rank=39&search_sort=3&spq=0,피파시리즈
4,2020.08.17,"['와이파이연결', '노트북와이파이연결', '노트북']",노트북 와이파이 연결 문제ㅠㅜ,노트북 와이파이가 iptime이나 이런 건 뜨는데 학교에 있는 와이파이가 안 떠요... 친구들은 다 떠서 연결하고 있는데 제 노트북은 아예 뜨지도 않고ㅠㅠㅠ 전원 껐다가 켜봐도 똑같아요... ........................................ 제...발......,['윈도우에 문제가 있거나 무선랜카드에 문제가 있을 때 발생합니다. 랩탑에 설치된 무료 백신으로 PC최적화를 실행하고 랩탑에서 해당 와이파이를 삭제한 뒤 와이파이 신호가 강한 곳에서 랩탑을 리부팅해서 재접속해 보세요. 이후 진전이 없으면 노트북 무선랜카드 드라이버를 재설치해 보세요.'],1,https://kin.naver.com/qna/detail.naver?d1id=1&dirId=10801&docId=365446446&qb=67Cx7Iug&enc=utf8&section=kin&rank=38&search_sort=3&spq=0,"개인망, 인트라넷"
4,2020.08.17,[],전광훈 거짖말,성령을 믿으면 코로나도 피해가고 낫는다는데 순 구라지요,"['당연하지요\n다 자기 욕심 채울려고 사람들 속이고 다니는 겁니다', '네 믿지마십시요....\n<전광훈 목사> 용인 우리제일교회. 사랑제일교회 (코로나 확진자 동선)\n전광훈 목사 용인 우리제일교회 확진자 동선 사랑제일교회 확진자 동선 _ 8월 15일 광복절을 몇 일 앞둔 어제오늘 교회발 코로나 집단감염이 대한민국을 떠들석하게 했다. _ ■서울 성북구 사랑제일교회 서울 성..\ndingdo.tistory.com\n이번 교회 코로나 집단 감염 담임목사던데...\n하... 방역수칙좀 지키지...', '개신교 측에서도 전광훈을 인정하지 않습니다.\n코로나는 백신이 개발되면 그 때 치료되겠죠\n전광훈 거르는 게 답이에요\nhttp://blog.naver.com/hanyang_lover\nBook Reviewer : 네이버 블로그\n당신의 모든 기록을 담는 공간\nblog.naver.com', ""종교적인 힘으로 해결이 안되고 믿을뿐입니다.\n결국 자기자신도 걸려버렸네요\nhttps://dailyfeed.kr/85af16b/159765384128\n사랑제일교회발 확진자 315명 폭증에 전국 '초긴장'…전광훈도 감염\n[스타인뉴스 김학철 기자] 전광훈 목사(© News1 이재명 기자 (서울=뉴\ndailyfeed.kr"", '전광훈은 즉시 구속하고 처벌받아야 합니다.\n사회의 악입니다........\n물론 집회하는 건 자유입니다.하지만 국민의 생명과 안전이 더 우선 이라고 생각됩니다.\n코로나로 모두 힘들어하는 시기 아래의 집회 사진들을 보면 정말 끔찍합니다. \n  국민의 안전과 생명이 바람 앞의 등불과 같은 상황에서, 불필요한 갈등을 일으키고 정부의 방역·예방조치를 방해하는 경거망동을 당장 멈추고 방역 당국에 협조해 줄 것을 강력히 촉구합니다.\n국가 안보, 방역만큼은 정치 쟁점화하지 않았으면 좋겠습니다.\n ▼전광훈 목사 코로나 확진 논란 충격적인 집회상황(+사랑제일교회 국민청원)\nhttps://speedsalgoo.tistory.com/346\n전광훈 목사 코로나 확진 논란 충격적인 집회상황(+사랑제일교회 국민청원)\n전광훈 목사는 대한민국의 종교인이고 이번에 제2의 이만희 격인 방역 테러범으로 여론이 형성되어 있습니다. 코로나 확진자 급증하는 비상 상황인데도 보수 단체들은 집회를 강행해 왔습니다. 도대체..\nspeedsalgoo.tistory.com']",5,https://kin.naver.com/qna/detail.naver?d1id=6&dirId=60901&docId=365446718&qb=67Cx7Iug&enc=utf8&section=kin&rank=37&search_sort=3&spq=0,개신교
4,2020.08.17,[],코로나 종식 ....,"진짜 이 지긋지긋한 코로나 언제 종식 될까요....? 2022년에는 안전하고 즐거운 생활... 가능한걸까요...? 사람들이 코로나 이전의 시대는 오지 않을거라고 하더군요.. 정말 ~2019년의 대한민국 아니, 지구는 오지 않는걸까요? 정말 인생이 우울하고 외롭네요..","['내년 후반기에나 제대로 된 백신 보급이면 2022년쯤이면 서서히 회복되는 시기가 올것 같지만 주기적으로 중국넘들의 거짓말이고 은폐가 사라지지 않으면 언제든 코로나 같은 바이러스가 새로 나올시에 또 다시 전세계적으로 유행할 가능성이 또 올수도 있는 겁니다.\n거의 바이러스가 5년이나 10년 주기로 한번씩 무척 강해져서 온다는 말이 괜히 있는게 아니에요.\n거기다가 who 같은 국제기구가 제대로 활동하지 않고, 중국눈치나 처 보면서 뭉기적 거리면 언제든 세계적 펜데믹 현상은 재현될 가능성이 큽니다.', '코로나가 장기화되고있네요\n코로나 마스크 비축해서 대비하세요\n핫딜정보 공유해드릴게요 저도 여기서 미리미리 많이 사두고 잘 쓰고있네요\nhttps://coupa.ng/bIDlhQ\n쿠팡 브랜드 - 코멧 일회용 마스크 화이트\nCOUPANG\ncoupa.ng\nhttps://coupa.ng/bIDljh\n라핑궈 일회용 일반 마스크 흰색\nCOUPANG\ncoupa.ng\n파트너스 활동을 통해 일정액의 \n수수료를 제공받을 수 있어요~♡\nhttps://coupa.ng/bIDlkn\n3겹 일회용 성인 마스크\nCOUPANG\ncoupa.ng\nhttps://coupa.ng/bIHlbS\n네오메디컬 핸드클린 손소독제\nCOUPANG\ncoupa.ng']",2,https://kin.naver.com/qna/detail.naver?d1id=1&dirId=11002&docId=365449087&qb=67Cx7Iug&enc=utf8&section=kin&rank=36&search_sort=3&spq=0,바이러스
4,2020.08.17,[],인트론바이오 주가 빠른 답변 좀!!,인트론바이오 주가 살펴보니 외인 매수세 보이는 것 같아요!! 제약바이오 종목으로 단기 수익내시는 고수님들 ㅠㅠ 인트론바이오 주가 어떤지 답변 부탁드립니다 ㅠㅠ 지금 만원후반대던데 다음장에서 추가 상승 보일까요?,"[""인트론바이오 주가는 오상자이엘 계열사\n'오상헬스케어'와 코로나19 진단키트 \n사업 협력 소식에 진단키트 관련주로 \n투자자들에게 익숙한 종목입니다! \n인트론바이오 주가는 바이오 신약개발\n사업을 영위하고 있는 기업으로, \n슈퍼박테리아 신약 임상 1b상 종료, \n여드름 원인균 대상 신약물질 확보 등과\n같은 자체 신약 개발 소식도 꾸준히 \n전하고 있음이 확인되는데요, \n인트론바이오 주가가 최근 2분기 \n영업이익 116억원으로 흑자전환 했다 \n공시했으며, 러시아 백신 승인 소식과 함께\n키트 관련주들이 화자되고 있기에 다시\n종목에 대해 천천히 살펴보셔야 합니다. \n백신/치료제가 개발되면 진단키트\n종목들은 무조건 하락세 아닌가요??라는\n문의를 많이 받고 있는데요, \n==================\n<<그럼에도 불구하고 급등 바이오\n테마 종목들 너무 많이 포착된다!! >>\n히든종목명 : OOOOOO \n▶ 기술 수출 전문, 항암제 개발 기업\n▶ 현재 약 2조 기술 수출 이력 확인 \n▶ 코로나 치료제 후보물질 계약\n==================\n인트론바이오 주가와 같은 진단키트 \n관련주들의 매수, 매도 시점과 바이오\n테마 속 급등 기대되는 히든종목까지! \n모두 무료로 받아보고 싶다면? \n아래 출처를 통해 실시간 확인하세요~ \n내일장 급등 1순위 종목 분석결과 받기\n2020년 누적이용자 9,548 명 이름 연락처 - - 개인정보취급방침 동의 보기 마케팅 수신 동의 보기 (주)이상투자그룹 l 서울 영등포구 여의나루로 57 16층 1602호(여의도동, 신송센터빌딩) l 대표전화 : 1522-9499 사업자등록번호 : 582-87-00482 (주)이상투자그룹 l 대표 : 이상우 l 통신판매업 2016-서울영등포-1382호 Copyright ⓒ 이상투자그룹. All rights reserved.\nstarstock.co.kr"", '인트론바이오 주가는\n진단키트 관련주로 많은 분들이\n관심을 보이는 종목 중 하나인데요.\n해당종목 같은 경우에는 협력, 관련\n종목들의 이슈에 반응하는 종목인 만큼\n전문가에게 도움을 받아 투자하는 게\n안전하다고 말씀드리고 싶네요!']",2,https://kin.naver.com/qna/detail.naver?d1id=10&dirId=100201&docId=365449499&qb=67Cx7Iug&enc=utf8&section=kin&rank=35&search_sort=3&spq=0,"수영, 다이빙"
4,2020.08.17,[],컴활 2급 필기시험 문제 유형이 매번 다르게 나오나요?,"예를 들어,


1. 다음 중 컴퓨터 사용 시 발생할 수 있는 바이러스 감염에 대한 예방법으로 적절하지 않은 것은?
① 방화벽을 설정하여 사용한다.
② 의심이 가는 메일은 열지 않고 삭제한다.
③ 백신 프로그램을 최신 버전으로 업데이트하여 실행한다.
④ 정기적으로 Windows의 [디스크 정리]를 실행한다.

이런 문제가 있다고 가정하면,

나왔던 문제가 지문과 보기가 그대로 똑같이 나오진 않을 것 같고..

문제 지문은 그대로 나오고 1~4번의 보기들만 다르게 나오는 건지
아니면 지문까지 다르게 나오는 건지 궁금합니다.","['컴활 필기 시험의 경우 문제은행식의 출제 유형이라 기존에 나왔던 문제들이 동일하게 출제됩니다.\n물론 보기의 순서가 달라질 수는 있지만, 문제의 양식이 달라지지는 않습니다.\n그래서 필기 시험을 준비할 때, 기출문제를 풀면서 문제와 답을 매칭시키는 방식으로\n이해를 다소 배제한 상태에서 준비를 해도 필기 시험 합격에 무리가 없는 것입니다.\n질문자님의 궁금점에 도움이 되셨으면 좋겠고, 혹시나 필요하신 정보도 있을 수 있어,\n아래 정보를 남겨드리니 참고하셔서 추가 정보를 더 얻으실 수 있으면 좋겠습니다.\n코로나 시기에 건강 유의하시고, 준비하시는 컴활 시험에서 좋은 결과 얻으시길 바랍니다.\n감사합니다.\nhttp://goodjobitart.kr', '크게 다른 틀을 벗어나서 출제하지는 않는 걸로 알고 있습니다. \n하지만 아예 정답을 외우는 방식보다는 해당 지문에 대하여 이해하고 그것을 토대로 꾸준하게 문제풀이를 하는 게 더 합격에 도움이 되더라고요 ~\n컴활 2급 같은 경우는 아마 난도가 높지 않아서 조금만 더 노력하시면 충분히 취득할 수 있을 거라고 생각이 듭니다ㅎ\n하지만 요즘 컴활 2급 같은 경우는 전체적으로 인정을 잘 안 해줘서 난도 높은 컴활 1급을 많이들 취득하시는데요, 단단히 마음먹으셨다고 하면 인터넷 강의라던가 학원 도움받아서 1급 취득해 보시는 것도 고민해 보시는 게 좋을듯하네요 ~\n도움 필요하시면 상담 한번 받아보세요!!\nhttp://goodjobarts.kr']",2,https://kin.naver.com/qna/detail.naver?d1id=1&dirId=1020204&docId=365450711&qb=67Cx7Iug&enc=utf8&section=kin&rank=34&search_sort=3&spq=0,문서관리자격증
3,2020.08.17,[],코로나19때문에 지치고 힘드네요,"코로나19 올해 처음에 생겼을때는 금방 끝나겠지하고 대수롭지 않게

여겼는데 정말 너무도 오래가네요 

한국에 코로나19백신 임상시험 시작됬다고하던데 1개월전인가

유투브로 뉴스에 나온거를 봤거든요

그런데 왜 이리도 조용한지요 

확진자가 늘고 줄고 중요한게 아니라 효과적인 백신,치료제가 나와야

마스크도 벗고 정상적인 생활을 할텐데 

일도못하고 못하는게 많은거같에요","['모든 사람이 다 힘들 거에요. 이런 시국에도 클럽, 해수욕장으로 마음 편하게 놀러다니는 사람을 보면 더 화가나죠\n그리고 의료계에 종사하시는 분들도 코로나 백신 개발을 위해 힘쓰고 있을 거에요. 믿고 기다리는 수 밖에 없죠', ' 그렇죠.... 다들 진짜 많이 힘들어해요..... 그 백신이라는게 만드는 것도 오래 걸리고 만들고나서 그걸 또 시험을 해야\n하니까 그만치의 양을 또 만들어놓고 그걸 또 어디다 보내고 시험을 여러 번 해서 안전하다는걸 확실하게 해야하고\n또 식약청에다가 우리 코로나 백신 만들었는데 팔 수 있게좀 해주세여 해가지고 허가도 받아야 하고 \n그 과정들이 죄다 몇 달 걸리는 걸로 알아요, 중간에 그게 부작용이 있던가 실패 했다던가 그러면 소리소문없이\n소식이 끊길 수도 있을 거구요,\n신천지야 뭐 원래 나쁜 곳이니까 그렇다쳐도 얼마 전까지만해도 신천지 그렇게 욕해대던 교회가 오히려 정부 말도\n안 듣고 밥 먹지 말라고 그러고 예배좀 한동안만 하지 마라 그러니까 신앙을 박해하는 거라고 그러고 앉아있고\n그러다가 지금 또 감염자가 여기저기서 폭발하기 시작했고.... 아휴....;;\n코로나 끝나고나면 우리나라 사람들 신경이 지금보다 더 예민해진 상태일 거 같아요..... 유흥업소부터 시작해서\n신천지, 교회가 너무 말을 안 듣고 민폐 이상으로 .... 후...\n이와중에 해수욕장 가서 남자 만나고 여자 만나러 가는 인간들도 참.... 그나마도 가서 물 속에 들어갈 때만\n마스크 안 쓰는게 아니라 아예 그냥 밤에도 안 쓰고 음식 시켜먹고 술 먹고 할 거 다 하고 앉아들 있으니 ;;', '모든사람들이 다 똑같은 상황인것 같습니다 하고 싶은거 못하고 .. 좀 참아봐야겠죠 ㅜㅜ']",3,https://kin.naver.com/qna/detail.naver?d1id=8&dirId=816&docId=365462795&qb=67Cx7Iug&enc=utf8&section=kin&rank=22&search_sort=3&spq=0,외국인 한국생활
4,2020.08.17,[],코로나 백신,"만약 검증된 코로나백신이 2021년 1월1일에 딱 나온다고쳤을때
1월1일이후로 전세계에 보급이 되고 해외여행이 안전하게 가능한 상황까지 얼마나 걸릴까요?","['세 달 이상은 걸리지 않을까 싶어요...', '아마 백신 접종이 확인이 된다는 조건으로는 1~2달안에 여행금지 조치가 풀릴가능성이 크지만,\n모든 나라가 풀릴려면 최소 1년이상 소요되고\n백신이 현재 문제는 코로나바이러스 자체가 항체 형성 기간이 짧아서\n다중접종(여러번 접종)을 해야지만 제대로된 항체가 형성될거란 얘기가 대부분이에요.\n백신을 맞고서 돌아다녀도 코로나에 걸릴가능성은 매우 작지만 존재한다는것도 아셨으면 합니다.\n님이 잘 알지못하겠지만, 4가 독감백신 맞고서도 독감걸리는 사람이 있듯이\n백신을 맞아도 코로나에 걸리는 사람이 나올거에요.\n그리고서 그게 얼마인지 체크해서 백신의 효용성(효과가 있는지)에 대해서 다시 리뷰할겁니다.\n지금 솔찍히 백신이 개발될려면 최소 3~5년은 걸리는데,\n그걸 1년만에 끝내는거라서 미완성 백신입니다.\n ']",2,https://kin.naver.com/qna/detail.naver?d1id=9&dirId=902&docId=365454264&qb=67Cx7Iug&enc=utf8&section=kin&rank=33&search_sort=3&spq=0,해외여행
4,2020.08.17,[],내 기기찾기 누르지도 않았는데 갑자기 알림뜨는 거 해킹 인가요?,"핸드폰 보고 있는데 갑자기 내 기기 찾기라는 아이콘이 뜨면서 전화벨소리가 울리던데 이거 해킹인가요?
최근에 구글에 로그인한적 조차 없고 내 기기 찾기란 버튼은 누르지도 않았는데 한 3초 동안 뜨더니 갑자기 사라지네요..
그리고 내 기기찾기로 현재 기기위치도 알수있다 들었는데 해킹이 들었다면 해커가 내 현재 기기 위치,개인정보,어떤 앱을 쓰고 다운로드 했는지,또 갤러리에 어떤사진까지 있는지 알수있나요?
좀 꺼림직하고 무섭네요 자세히 알고 있으신 분만 답변 부탁드립니다",['백신앱 다운받으세요'],1,https://kin.naver.com/qna/detail.naver?d1id=1&dirId=11001&docId=365454969&qb=67Cx7Iug&enc=utf8&section=kin&rank=31&search_sort=3&spq=0,해킹
3,2020.08.17,"['백신', '논산훈련소', '군의관']",2017년 논산훈련소 입대자 백신,"제목그대로 17년 여름에 논산으로 입대했었습니다.

당시 군의관들한테 백신 몇개를 맞은거 같았는대

이게 무슨무슨 백신을 맞았던건가요?

군의관이나 아시는분 알려주세요.",['안녕하세요. 파상풍과 독감 예방접종을 한것입니다. 더 궁굼한점 물어보세요'],1,https://kin.naver.com/qna/detail.naver?d1id=6&dirId=60303&docId=365455132&qb=67Cx7Iug&enc=utf8&section=kin&rank=30&search_sort=3&spq=0,기초군사훈련
3,2020.08.17,[],"제가사이툴로그림을그리고있었을때였습니다
근데갑자기마우스가조금씩떨리더군요.
그래서전 별거아닌거라고생각했어요.
근데 갑자기마우스가움직이더라고요
그러더니파일을하나만드는겁니다.
소름돋았습니다.
그래서전 그사람과사투를벌이고컴퓨터를껏다켜서지금 게임이랑별거다지우고 알약으로 검사받고있습니다.

자세한치료법알려주시길바랍니다
이게제거가아니라아빠컴퓨터라서...
제발부탁드립니다.지금막부들부들떨리네요...",,"['마우스를 강제로 조종하고 하는것 보니\n최근에 다운로드 하신파일에 트로이 바이러스가 있었던것 같습니다.\n툴같은 걸로 만들어진 트로이는 백신으로 금방잡을 수 있습니다.\n좆중고딩이 자주씀\n심각한 트로이에 걸리게되면, 아이디 비밀번호 모두 홈쳐가고 공인인증서, 웹캠,마이크,파일, 모두 감시 도청 당할수도 있기에 빠른 조치가 필요합니다.\n보통백신을 잘 사용하셨더라면 거의 걸리지 않았을 수 있는데,,,, 해결방법 간단하게 설명드리겠습니다.\n1. 포멧\n2. 공격자가 자고있는 시간, 한국인 공격자라면 새벽엔 자겠죠, 그점을이용해 백신을 설치하고 정밀검사를\n돌립니다. (알약비추)\n3. 안전모드로 부팅후 백신돌리기 (안전모드로 부팅하실때 네트워크 없이 실행하셔야합니다)\n(avast,V3추천)\n보통 초중딩고딩이 만든 트로이는\nhttps://software.naver.com/software/summary.nhn?softwareId=GWS_003126\n멀웨어 제로\n설치가 필요 없는 무료 악성코드 제거 도구\nsoftware.naver.com\n이걸로 치료가가능하나 이미 감염되신 상태여서 익스플로러나,MSbuild,svchost 에 인젝트 되어있을 수도있기에\n주시해주셔야합니다.', '일단 안전모드(부팅시 F8연타) 들어가서 여러가지 백신으로 검사해보시구요. (검사후에는 한가지백신만사용)\n보호나라 전용백신으로도 한번 검사해보세요.\n알아두세요!\n위 답변은 답변작성자가 경험과 지식을 바탕으로 작성한 내용입니다. 포인트로 감사할 때 참고해주세요.\n채택 부탁드립니다.']",2,https://kin.naver.com/qna/detail.naver?d1id=1&dirId=11002&docId=365455898&qb=67Cx7Iug&enc=utf8&section=kin&rank=29&search_sort=3&spq=0,바이러스
3,2020.08.17,['#지식인카드'],Usb 파일 손상 질문,"Usb가 바이러스 걸려서 문서 안열릴수도있다는데요

알약검사 해주고 치료하면 문서 안열릴 일이 없죠??","['백신 프로그램이 말하는 치료라 함은\n해당 파일의 삭제를 의미합니다.\n바이러스는 예방이 최선이며, 만약 바이러스가 걸렸다면\n최선의 조치는 삭제입니다.\n항상 백신프로그램으로 실시간 감시를 하시고, 그래도 걸린 바이러스가 있다면\n퍼지기 전에 삭제하시는게 좋습니다.\nhttps://blog.naver.com/ghid1989\n제니스컴 : 네이버 블로그\n제니스컴★ 24시간 365일 근무 (연중무휴)★ 010-9632-9129\nblog.naver.com', '알약 검사와..\n바이러스 치료로 파일이 모두 잘 열리는 것과는 다른 문제입니다.\n바이러스 종류에 따라서 악성바이러스라면 감염시 데이터를 그대로 파손시키게되며..\n치료를 하더라도 해당 파일에 악성코드를 치료하며 파일을 삭제하는 경우가 대다수이지..\n파일을 정상적으로 만들어주는 경우는 적습니다.']",2,https://kin.naver.com/qna/detail.naver?d1id=1&dirId=1010405&docId=365455993&qb=67Cx7Iug&enc=utf8&section=kin&rank=28&search_sort=3&spq=0,"외장하드, 저장장치"
3,2020.08.17,[],강아지 예방접종 비용,강아지 예방접종 2차 비용이 얼마나 들까요?,"['우선 34만원 정도 합니다 동물약국에서 약사가 직접 맞히면 회당 1만원으로 맞춰 줍니다.자가접종용 강아지 아기가 태어나면 엄마 뱃속에서나오자마자 모유로 앞으로 살아가면서 만나야 할 세균을 죽이는 항체를 에미 개에서 끌어냅니다.모체 이행항체라고 불리는 이 항체는 생명력이 짧고 생후 12 주가 되면 사멸합니다.그럼 이제아가는 더 이상 세균이 들어와도 항체가 없어 위험해지므로 이때를 대비하여 항체를만들어주는 역할을 하는 것이 예방주사입니다.보통 뱅가드 5종 백신간염, 하보, 팔라인플, 렙토스피라를맞아요. 예방주사는 항체가 생기라고 맞고 있어요.주사약은 각 구나 읍 단위로 한두 곳씩 있는 가축약국의 가면저렴하게 구입할 수 있어요.전국 가축약국의 주소와 지난 시간입니다.httpblog.naver.★balgidall 220437773619 더 큰 문제는']",1,https://kin.naver.com/qna/detail.naver?d1id=8&dirId=8050105&docId=365456396&qb=67Cx7Iug&enc=utf8&section=kin&rank=27&search_sort=3&spq=0,"미용, 건강관리"
3,2020.08.17,[],코로나요 진짜 멍청한거아닌가요,좀 잠잠해졋다싶으니 교회가고 싸돌아다니고 마스크안하고 덥다고 마스크 던져버리시는데 멍청한건가요 미련한건가요 잠잠해졋다해서 조심성버리고 그러고다니고 교회활동도 겨우 2주간 금지하면뭐합니까?2주뒤엔 또나올텐데 ? 코로나 사라지고 안전해질때까지 금지해야하는거아닌가요 ?? 아니면 예수믿고 빨리 예수따라가고 싶은건가요 ;,"['에., 사람은 어쩔 수 없이 상태가 잠잠하다 싶은면 어디 부분에서든 허술해지기 마련이나.,\n마스크 던져버린 파친시키들은 이해 할 수 없는 짐승들입니다. 그리고 코로나가 멍청한게 아닌, 그 시깨들이 멍청한 것 입니다.', '코로나는 전세계의 문제로 우리나라만 잘 방역한다고 해결되는것도 아니고,\n내년 초중까지 가서 백신나오고, 치료제 나와야지, 일상으로 돌아 갈수 있어요.\n정부는 코로나 방역도 중요하지만, 내수 소비도 중요해서\n저번에 재난지원금을 풀어서 소비효과를 끌어올렸죠.\n50명 이하 지역감염까지와 감염경로 확인되는 선에서\n정부 코로나 통제 관리를 통해서 안정적으로 유지할수 있는데,\n100명, 특히 수도권 인구밀집 지역은 100명이 넘어가면, 정부의 통제력의 한계치까지 올라왔다고 봐야되요.\n거기에 깜깜이 감염이라고 경로확인이 안되는 감염자가 발생하면, 추적 방역에 실패하고 확산될수 있고요.\n광복절에 기독교 단체, 보수단체들이 2만명이상 모여서 시위를 하고, \n시위현장에 사랑제일교회등, 정부 말 무지 안듣는 재판중인 목사와 신도들이 대거 시위에 참석하고\n사랑제일교회, 여의도 순복음교회등 서울대형 교회를 중심으로 100명이상 코로나가 급증하다보니,\n2주간 거리두기 2단계 시행하는것은 코로나 폭발 직전이라 코로나 잠복기가 2주정도니깐\n2주간 사회 거리두기를 해서 확산을 줄이는 환경을 만들고, 대처하겠다는거죠.\n미국이 하루 확진자가 2만명 가까이 나오고, 누적 사망자가 17만명이 넘는데,\n정부에 도시 봉쇄 하지말라고 대모를 했잖아요.\n봉쇄를 하고 막아버리니깐, 일자리 잃고, 내수 경제가 망해서 자영업망하고 실업자 폭증하고\n솔직히 코로나 노인들 1-2% 죽는거 굶어 죽느니 차라리 일을 하자는거죠.\n무조건 봉쇄가 해결이 안되는게, 자영업자 파산하고, 일자리, 수출 경제까지 망할때\n피해도 크다는거죠.\n2주간 거리두기 2단계후 코로나가 일일 50명 이하루 통제하고 조금 사그라들면, \n내수 소비도 하면서, 그때 그때 걸리는 사람 검사하고 치료하고 그렇게 내년\n백신, 치료제 나올때까지 갈수 밖에 없어요.']",2,https://kin.naver.com/qna/detail.naver?d1id=6&dirId=60901&docId=365456803&qb=67Cx7Iug&enc=utf8&section=kin&rank=26&search_sort=3&spq=0,개신교
3,2020.08.17,[],Trojan:Win32/CryptInject!MTB 위험한 바이러스인가요??,윈도우에서 차단을 하던데 이게 뭔가요???,"['당장 일단 랜선 부터 뽑으시고, 백신 돌려서 차단/삭제 하시기 바랍니다.\n바이러스 중 백도어의 일종이고, 파일등을 암호화해서, 파일을 열어 볼수 없게합니다.\n파일을 열어 볼려면, 돈을 요구하는 .. 아주 악성 바이러스 입니다.']",1,https://kin.naver.com/qna/detail.naver?d1id=1&dirId=11002&docId=365457036&qb=67Cx7Iug&enc=utf8&section=kin&rank=25&search_sort=3&spq=0,바이러스
3,2020.08.17,"['v3', '해킹', '보안프로그램']",컴퓨터 보안 질문이요,익스플로러에서 없고 크롬에만 저렇게 되어있는데 저 빨간색은 무슨프로그램인가요,"['Avast 라는 백신 프로그램입니다.\n익스플로러에는 없다고 하신것을 보니,PC에 직접 설치를 하신게아닌 \n크롬 확장프로그램으로 설치하신것 같습니다.']",1,https://kin.naver.com/qna/detail.naver?d1id=1&dirId=110&docId=365457211&qb=67Cx7Iug&enc=utf8&section=kin&rank=24&search_sort=3&spq=0,보안
4,2020.08.17,[],코로나 변종은 또 뭐죠?,"코로나 변종이 뭐예요?
나참.. 날이 더워지면 코로나 없어진다고 하더만.. 그게 아니고 뭔 또 변종이 나타났데요??
진짜 하루하루 조심해야겠네요!
당분간 재택근무로 대응해야겠어요 ㅠㅠ","['코로나가 다른바이러스로 더 안좋게 변화됬다는겁니다\n말레이시아 뉴스보신거같은데 저도 그거때문에 걱정입니다', '세포변화가 일어난 변종으로 알고 있습니다', '바이러스가 변이되는것으로 알고있는데 그렇게되면 백신이 무의미없어질듯 ㅠㅠ\n아무쪼록 걸리지않도록 예방하는게 제일일듯합니다\n서로서로 지금까지 해왔던것처럼\n우리모두 앞으로도 예방수칙 생활화하기로해요..\n마스크착용\n손씻기\n생활속거리두기\n그리고 코로나에 면역력을 키워야하는거 아시죠?\n제가 먹고있는것도 있고한데 이 사이트 몸에 좋은 제품들\n많이 판매하고 가격도 착하드라구여..\n추후 도움되시길...\n녹용이나 홍삼, 건강즙도 좋고요\n비타민, 프로폴리스, 오메가3, 미네랄, 포도당마시는 음료,\n밀크씨슬, 루테인, 쏘팔메토, 장건강을 위한 제품, \n뼈건강이나 관절건강, 뷰티를 위한 제품, 콜라겐, 눈건강 면역력증진등등\n건강식품들도 골고루 나눠져있어요\n이번에 들어갔더니 이벤트도 하네요~\n제품 구매하신분들 카카오톡 하루건강엔 친구추가하시고\n1:1 대화로 참여완료 남기시면 추첨해서 제주신화월드 숙박권을 주는 이벤트에요\n한번 체크해보세요^^\n코로나 종식되기를 바라며 가족모두 건강유의하세요\n면역력 잘 키워서 강화시키고 코로나 잘 이겨내기로해요!\n미리 예방하는게 최우선일듯합니다\n가족들에게 맞는 영양제 한번 체크해보세요~~\n국산 마스크, 손소독제도 판매하네요\nhttps://smartstore.naver.com/haruhealthy\n하루건강엔 : 네이버쇼핑 스마트스토어\n하루건강엔 여기! 건강한 매일을 위해 안전하고 정직한 제품만을 소개합니다.\nsmartstore.naver.com']",3,https://kin.naver.com/qna/detail.naver?d1id=7&dirId=705&docId=365454397&qb=67Cx7Iug&enc=utf8&section=kin&rank=32&search_sort=3&spq=0,대체의학
5,2020.08.17,['#코딩'],C언어 공부법 좀 알려주세요,,"['C언어란 현대 프로그래밍의 ""근원"" 이라고 할 수 있고요\n고급언어 중 하드웨어에 가장 근접한 언어입니다.\n최소한의 문법단위로 구성되어있죠\n더 나아가, C++ 에선 C언어에 객체지향을 접목시켜 발전시킨 것이구요\n규모와 속도를 포괄한 언어입니다\nC# 언어도 객체지향 프로그램이고 C언어와 C++에서 실수할 수 있는 부분을 원천 봉쇄시켰죠\n상대적으로 쉬워 입문용으로 많이들 시작하세요~\n고유의 문법체계를 배워야하는 C언어는 프로그래밍에 있어 기초 중 기초라고 생각하시면 되겠습니다!\nC언어 교육 또는 게임 제작 및 기획에 관심 있으시다면\n아래 제가 추천하는 학원 한번 둘러보세요 ♥\nhttp://sbscoding-academy.co.kr/renewal2016/\nSBS아카데미게임학원 교육담당\nCustomer Center 주말·공휴일도 상담 및 접수 가능 02-2138-7345 시간표 조회하기 Previous Next pused 공지사항&이벤트 Previous SBS아카데미게임학원과 함께하는 영화<오케이 마담> 일산점 신규오픈 빅이벤트! 2020 광복절 특가 전과정 15%추가할인 이벤트! SBS아카데미게임학원 제5회 웹툰 공모전 장마철 이벤트! 딱 1주일간 특별 할인받자! SBS아카데미게임학원 특깡! 취업깡! 입시깡! [수원] 알쏭달송 초성퀴즈 게임이벤트 SBS아카데미게임학원과 함께하는 영화<오케이 마담> 일산점 신규오픈...\nsbscoding-academy.co.kr', 'C언어는 컴퓨터언어의 기초라 할 수 있는데요.\n요즘은 쉬운 언어들이 나온터라 굳이 C언어를 배우려 하는 사람들이 없답니다.\n저는 C++부터 시작했지만 지금은 그걸 왜 배웠을까~하고 생각하게 되네요.\n아무래도 C++이 C언어를 발전시킨 언어니까 C++을 배워보심이 어떨까 싶습니다.\n아니면 Java요.\n독학으로 공부하신다면 유튜브에 널리 알려진 영상들이 많으니까 그걸 참고해서 배우시는 게 빠르겠습니다.\n항상 좋은 일만 가득한 하루되시길 기원합니다.', '가장 중요한 언어인만큼 처음 배울때가 중요한데 독학으로 어떻게 할지 궁금하네요\nIT의 모든 기술은 모를때나 공부하다 막힐때 누군가에게 물어보고\n즉각 해결할수있어야합니다\n그래서 준비하는 모든 학생들이 교육기관에서 교육을 받거나 인강을 청취하고있습니다\n느낌이 오시나요?\n독학으로 할 만큼 만만한 분야가 아닙니다\n프로그래밍을 배우시려면 IT기초인 파이썬부터 시작하시는 것이 좋습니다.\nIT분야는 독학으로 하기 어려운 부분이 있어서 전문교육기관에서 배우시는 것이 좋습니다.\n프로그래밍언어를 배우시려는 목적이 취업이신가요?\n그렇다면 IT전문교육기관에서 기초부터 배우시는 것을 추천드립니다.\nIT분야에서 원하는 진로도 생각해보시는 것이 좋습니다.\n진로에 따라서 공부하는 내용이 달라지기 때문입니다.\n프로그래밍언어를 처음 배우신다면 Python부터 시작하시는 것이 좋습니다.\nPython은 프로그래밍언어의 기초이기 때문에 처음 배우시는 분들에게 추천드립니다.\nPython을 배우고나서 C언어->JAVA->JSP->SPRING 순서로 배우시면 좋습니다.\n어느 분야로 진로를 정하셨는지는 모르지만 대부분 이 순서대로 배우시고 있습니다.\n이런 교육과정은 독학으로 하기 힘든 점이 있어 전문교육기관에서 공부 계획을 짜서 학습하고\n있습니다.\n프로그래밍 언어에 대해서 간단하게 소개해드리겠습니다.\n1) Python: 오픈 소스를 제공하며 문법이 쉽고 간단해서 쉽게 배우고 익힐 수 있음.\n            다양한 표현법 사용으로 소스 코드의 길이가 매우 짧으며, 개발 시간을 단축할 수\n            있어서 개발자들이 선호하는 언어.\n            초보자부터 전문가까지 쉽게 접근할 수 있는 프로그래밍 언어로 다양한 플랫폼에서\n            활용 가능\n            다양한 라이브러리 지원으로 IT 전 분야에서 널리 사용되고 있음. \n2) c언어: 컴파일러나 소프트웨어 개발용 도구로 사용되는 언어\n           시스템 기술 언어로 개발\n           프로그램을 기계어 명령에 가까운 유형으로 직접 기술할 수 있으며 언어를 간단하게\n           하여 풍부한 표준 자료집을 갖게 할 수 있으며 연산자가 많고 다른 기종에 프로그램\n           이식이 쉬움\n3) Java: 객체 지향 프로그래밍 언어. 보안성이 뛰어나며 컴파일한 코드는 다른 운영체제에서\n          사용이 가능.\n4) JSP: Java Server Pages의 약자. 자바 서블릿 기술을 확장시켜 웹 환경 상에서 100% 순수한\n         자바만으로 서버 사이드 모듈을 개발하기 위한 기술\n5) SPRING: 오픈 소스 프레임워크. 엔터프라이즈 애플리케이션 개발의 복잡함을 해결하기 위해\n             만들어짐.\n             Java에서 DB작업을 편하게 해주는 프레임워크\n   IT분야의 직업이 어떤 것이 있는지 잘 모르시는 것 같아서 간단하게 소개해드리겠습니다.\n1) 프로그래머: 프로그램을 설계.개발, 유지보수를 하는 직업.\n                   직업의 수요가 가장 많고 취업이 쉬울 수 있다.\n                   경력이 올라갈수록 연봉이 높아지는 직업\n                   웹/앱, 소프트웨어 개발자\n2) 엔지니어: 시스템 엔지니어와 네트워크 엔지니어로 나눌 수 있음.\n                 시스템 엔지니어는 컴퓨터와 통신장비들을 시스템에 맞춰 설계.관리하는 직업으로\n                 서버에 대한 지식이 많이 필요해서 실무적인 부분을 알아야 함.\n                 네트워크 엔지니어는 전산망과 관련된 하드웨어.소프트웨어에 관한 네트워크 시스템\n                 분석.설계.구축에 관한 업무\n                 전체적인 네트워크 시스템 구조를 분석.평가하여 문제점과 개선책을 마련하는 직업\n3) 정보보안전문가: IT 분야에서 가장 최상위에 있는 직업으로 프로그래밍, 시스템, 네트워크&서버,\n                        데이터베이스를 배우고나서 정보보안 분야를 배워야 함.\n                        정보보안전문가가 되기 위해서 실무를 중점적으로 공부해야 함.\n                        정보보안전문가는 다시 5개 분야의 직업으로 나눌 수 있음.\n- 모의해킹전문가: 웹/프로그램을 임시적으로 해킹하여 취약점을 분석하고 작업하는 직업\n- 보안솔루션: 모의해킹을 통해 찾은 취약점을 보안.대비하는 직업\n                  모의해킹 쪽과 함께 팀을 이루어 같이 다님.\n                  확실하게 실무적인 부분이 뛰어나야 하는 직업  \n- 보안관제: 24시간 3교대로 모니터링을 통해 1차적으로 대응하는 직업\n- 악성코드분석: 유해한 코드나 프로그램을 분석하여 백신이나 보안프로그램을 만드는 직업\n                     V3.알약 등 악성코드를 예방하는 역할\n- 디지털포렌식전문가: 삭제되거나 손상된 데이터를 복원/복구하는 직업\n                             법적 증거물들을 수집하는데 많이 이용\n                             경찰청, 사이버수사대 등 국가기관 쪽에서 근무\n4) 데이터베이스관리자: 회사에서 사용하는 DB서버를 구축.유지보수관리하는 직업\n                               금융권이나 대기업으로 취업\n5) 빅데이터전문가: 얻고자 하는 데이터들을 식별하고 분석해서 노하우에 따라 원하는 결과를 얻고\n                         데이터 분석에 관한 솔루션을 만들고 자료를 통계까지 하는 직업\n                         은행이나 카드사 같은 금융권과 광고회사 및 정부나 공공기관에서 근무\nIT분야의 직업에 대해 소개드렸습니다.\nIT분야는 실무적인 부분이 중요하게 여겨지고 있습니다. 그에 따른 실력도 갖추어야 합니다.\n진로고민, 취업준비, 자격증 취득 등 IT분야에 꿈이 있지만 아는 것이 없어 막막하신 분들을 위해\n학력, 나이, 조건, 상황, 실력 등에 따라서 취업, 진학, 공부 방법을 무료상담을 통해서 맞춤형\n컨설팅을 해드리고 있습니다.\n프로그래밍 관련 책 \nHello Coding 프로그래밍\n- 프로그래밍 언어 입문서가 아닌 프로그래밍 기초 개념 입문서\n윤성우의 열혈 C프로그래밍\n- 윤성우 열형강의『C 프로그래밍』는 C언어에 대한 기본을 배울 수 있는 개론서이다.\nJAVA의 정석\n- 자바의 기초부터 실전활용까지 모두 담다\n 이것이 자바다\n-『이것이 자바다』은 15년 이상 자바 언어를 교육해온 자바 전문강사의 노하우를 아낌 없이 담아낸 자바 입문서이다.\nDo it! 점프 투 파이썬\n- 지난 10년간 온라인 독자들의 질문 댓글에 답변하며 쌓아온 저자만의 노하우를 초보자들이 이해하기 쉽게 풀어냈다.\n여러 이유로 시작을 망설이시거나 걱정이 많으신 분들께서는 부담 없이 무료상담을 받으셨으면\n합니다.\nIT직업에 대해 더 궁금하신 점이 있으시면 아래 연락처로 문의 남겨주세요.\n상담신청: www.happy-itbank.com\n오픈상담 : https://open.kakao.com/o/sIQvmT4\n전화상담 : 010-2317-9164', 'C언어의 문법을 배운다면, 어떠한 문법이 언제 혹은 어디서 어떻게 사용되는지를 달달 외우면 됩니다. 그렇지 않고 스스로 문제를 풀어 C언어로 프로그램을 만드는 방법을 배운다면, 먼저 코딩 다른 말로는 프로그래밍을 제대로 배우도록 하세요.\n코딩 다른 말로는 프로그래밍을 제대로 배우고자 하면, 먼저 코딩 다른 말로는 프로그래밍을 체계적이고 전문적으로 배워 창의적인 혹은 창조적인 문제 해결 능력과 프로그래밍 능력을 갖춰야 합니다. 그러면, 나이, 성별, 학력, 전공과 상관없이 누구나 코딩 다른 말로는 프로그래밍할 수 있습니다. 그렇게 먼저 코딩 다른 말로는 프로그래밍을 배우면, 어떠한 프로그래밍 언어라도 보다 쉽고 재미있게 효율적으로 배울 수 있습니다.\nC언어, 파이썬, 자바는 프로그램을 만드는 일인 프로그래밍할 때 사용되는 도구로 프로그래밍 언어입니다. C언어, 파이썬, 자바같은 프로그래밍 언어를 배워야 프로그래밍을 배울 수 있다고 생각하십니까? C언어, 파이썬, 자바같은 프로그래밍 언어를 배우는 것이 프로그래밍을 배우는 것이라 생각하십니까? C언어, 파이썬, 자바같은 프로그래밍 언어를 배우면 프로그래밍할 수 있을 것이라 생각하십니까? 매우 잘못된 바보같은 생각입니다. C언어, 파이썬, 자바같은 프로그래밍 언어를 배운다고 프로그래밍할 수 없습니다. C언어, 파이썬, 자바같은 프로그래밍 언어를 배우는 것과 프로그래밍을 배우는 것은 별개 문제입니다.\n프로그래밍이 무엇인지 간략하게 봅시다. 프로그램으로 만들고자 하는 것을 전산(컴퓨터) 분야에서는 문제라고합니다. 그리고 프로그램은 데이티와 명령어로 구성됩니다. 그래서 문제를 풀어 프로그램을 만들고자 한다면, 문제 관련 데이터들을 어떠한 기억장치에 어떻게 저장하고 어떻게 쓰고 읽을지를 결정하고(자료구조 설계), 어떠한 명령어들을 어떠한 순서로 몇 번씩 실행시킬지를 결정하여(알고리듬 설계), 이렇게 설계된 자료구조와 알고리듬을 C언어나 자바같은 프로그래밍 언어로 문법에 맞게 변환하여(구현) 프로그램을 만드는 일이 프로그래밍입니다.\n요약하면, 프로그래밍은 컴퓨터를 이용한 문제 해결 과정입니다. 그래서 프로그래밍을 배울 때는 체계적이고 전문적으로 배워 4차 산업 혁명 하에 살아야 하는 사람이면 반드시 갖춰야 하는 능력인 창의적인 혹은 창조적인 문제 해결 능력과 프로그래밍 능력을 갖춰야 합니다.\n이러한 데 프로그래밍할 때 사용되는 도구들인 C언어나 자바같은 프로그래밍 언어를 배운다고 저절로 창의적인 혹은 창조적인 문제 해결 능력과 프로그래밍 능력이 갖춰 지겠습니까? 그렇지 않습니다. C언어나 자바같은 프로그래밍 언어를 보다 쉽고 재미있게 효율적으로 배우고자 하면, 프로그래밍을 체계적이고 전문적으로 배우세요.\n""이렇게 하면 나도 프로그램을 잘 만들 수 있다(나프잘)"" 시리즈 책들을 참고해 보세요. 나이, 성별, 학력, 전공과 상관없이 누구나 독학으로 프로그래밍을 체계적이고 전문적으로 배워 창의적인 혹은 창조적인 문제 해결 능력과 프로그래밍 능력을 갖출 수 있습니다. 네이버 카페 ""프로그래밍을 배우자""에서 공부하는 방법도 배우고 멘토링을 활용하면, 보다 재미있고 효율적으로 프로그래밍을 배울 수 있습니다.\n컴퓨터 앞에 놓고, C언어나 자바같은 프로그래밍 언어, API, 유니티, 언리얼 게임엔진같은 라이브러리, Visual Studio, NetBeans, Eclipse같은 언어 프로그램들 같은 개발 도구 사용법만을 가르쳐 남이 시키는 일만 남이 만든 코드를 편집하는 노가다를 양성하는 학원이면, 차라리 독학하세요. 충분히 할 수 있습니다. 그렇지 않고 컴퓨터 없이 문제를 풀어 개발 도구들로 프로그램을 만드는 방법을 가르쳐 프로그래머를 양성하는 학원이면, 스스로 문제를 풀어 프로그램을 만드는 일인 프로그래밍을 체계적이고 전문적으로 배워 창의적인 혹은 창조적인 문제 해결 능력을 갖출 수 있어 많은 도움이 될 것입니다. 왜냐하면, 개발 도구들로 하는 일인 프로그래밍이란 컴퓨터를 이용한 문제 해결 과정이기 때문입니다.\n프로그래밍을 공부하는 데는 공부하는 방법이 매우 중요합니다. 공부하는 방법부터 배우고 시작해 보세요. 그렇지 않지만, 우리나라에서는 대부분 C언어부터 배우고 자바를 배우라고 해서(자바부터 배워도 됩니다) C언어나 자바를 배우다 보면, C언어나 자바 책에 적힌 내용은 그럭저럭 이해되지만, 장마다 제시되는 문제를 풀어 C언어나 자바로 프로그램을 만들고자 하면, 어떻게 해야 하는지 모르겠고, 잘되지 않습니다. 그러면 답지를 구해 코드만 외우고 넘어 갑니다. 망하는 지름길입니다.\nC언어나 자바 책에 적힌 내용은 C언어나 자바의 문법이고, 장마다 제시되는 문제를 풀어 C언어나 자바로 프로그램을 만드는 일은 프로그래밍입니다. 따라서 C언어나 자바의 문법만 배운다고 프로그래밍을 할 수 있는 것은 아닙니다. 그래서 C언어나 자바의 문법을 배울 것인지 아니면 C언어나 자바로 하는 일인 프로그래밍을 배울 것인지를 먼저 명확하게 하세요. 공부하는 방법이 다르기 때문입니다. 공부하는 목표에 맞게 공부하는 방법을 배워 공부하면 보다 쉽고 재미있게 배울 수 있습니다.\n공부하는 방법도 설명드려 보겠습니다. 참고해 보세요.\nC언어나 자바를 보다 쉽고 재미있게 배우고, 스스로 문제를 풀어 C언어나 자바로 프로그램을 만들고자 한다면, 먼저 프로그래밍을 배우세요. 문제를 풀어 프로그램을 만드는 일인 프로그래밍을 먼저 체계적이고 전문적으로 배우세요. 그래서 창의적인 혹은 창조적인 문제 해결 능력을 갖추도록 하세요. 왜냐하면, C언어나 자바로 하는 일인 프로그래밍이란 컴퓨터를 이용한 문제 해결 과정이기 때문입니다.\n위쪽 프로그래밍의 정의에 의하면, 먼저 문제를 풀어 알고리듬과 자료구조를 만드는 방법을 배우세요. 그리고 C언어나 자바로 알고리듬과 자료구조로 프로그램을 만드는 방법을 배우세요. C언어나 자바로 알고리듬과 자료구조로 프로그램을 만들 때 필요한 C언어나 자바의 문법적인 기능을 이제 C언어나 자바 책에서 찾아서 읽어 보고 적용하는 방식으로 공부하세요. 난이도를 높여 가면서 많은 문제를 풀어 프로그램을 만들다 보면, 스스로 문제를 풀어 프로그램을 만들 수 있고, C언어나 자바도 머리로 기억하는 것이 아니라 몸으로 기억되어 있을 것입니다. 그래서 숨쉬는 것처럼, 걷는 것처럼 자연스럽게 C언어나 자바로 프로그램도 만들 수 있을 것입니다.\n알고리듬과 자료구조를 만드는 방법을 배우라고 해서 시중에 출간된 알고리듬과 자료구조 책들을 사서 이미 만들어져 책에 실린 정렬과 검색 알고리듬, 배열, 연결리스트, 트리, 그래프, 스택, 큐들을 외우지 마십시오. 정렬과 검색 알고리듬, 배열, 연결리스트, 트리, 그래프, 스택, 큐들을 만들 수 있도록 알고리듬과 자료구조를 만드는 방법을 먼저 배우라는 것입니다.\n인터넷에서 사용되는 논리가 ""C언어를 알아야 프로그램을 만들 수 있으므로 C언어를 먼저 배우라""고 합니다. 이러한 논리가 우리나라 영어 교육이나 학습에서도 적용되었지요. 우리나라 영어 교육이나 학습은 영어의 문법부터 시작합니다. 그렇게 해서 중학교, 고등학교 심지어 대학교까지 똑같은 방식으로, 영어 문법을 외우는 방식으로 공부하게 됩니다. 그렇게 십 수년을 하지만 헤밍웨이의 유명한 소설 책 한 권 제대로 읽지 못하고, 두 세쪽 되는 에세이 하나 제대로 작성하지 못하고, 지나가는 외국인과 담소한 번 제대로 나눌 수 없지 않습니까?\n""C언어를 알아야만 프로그램을 만들 수 있다""는 논리라면, 영어의 문법을 공부했다면, 영어 소설책도, 에세이도 회화도 가능해야 하지 않습니까? 어느 분야에서 성공하려면, 10000시간 정도 분야에 집중하면 된다는 이론이 있지 않습니까? 우리나라에서 영어 공부에서는 적용되지 않는 이유는 무엇일까요? 교육과 학습에 문제가 있다는 것입니다.\n그래서 요사이는 영어 교육과 학습이 매우 실용적으로 바뀌고 있습니다. 문법을 암기하는 것이 아니라, 듣기와 말하기로 바뀌고 있습니다. 듣기와 말하기할 때 필요하면 문법을 공부하고 적용하는 방식으로 말입니다. 그래서 좋은 결과를 내고 있습니다.\n프로그래밍 교육과 학습도 바뀌어야 합니다. 문법위주 교육과 학습보다는 문제 해결 중심의 교육과 학습으로 바뀌어야 합니다. 프로그래밍을 공부하는 방법을 배우세요.\nC언어나 JAVA언어같은 프로그래밍 언어와 프로그래밍을 체계적이고 전문적으로 공부하는 방법도 설명드려 보겠습니다. 참고해 보세요.\n프로그래밍은 우리가 생활하는 데 있어 부닥치는 복잡한 문제를 새로운 생각으로 풀어 프로그래밍 언어로 컴퓨터가 처리하도록 하는 프로그램을 만들어 보다 편하게 살 수 있는 세상을 만드는 일입니다. 그래서 어렵습니다. 그렇지만 내가 생각한 프로그램을 만들고 세상 사람들이 사용한다면 엄청난 성취감과 자부심을 느낄 수 있습니다.\n이러한 프로그래밍을 하고자 한다면 다음과 같은 최소한의 능력을 갖추어야 합니다.\n(1) 문제 해결 능력\n(2) 프로그래밍 언어 구사 능력\n(3) 개발 툴 사용 능력\n이 중에서 가장 중요한 것은 문제 해결 능력입니다. 문제를 해결할 수 없으면, 프로그래밍 언어 구사 능력도 개발 툴 사용 능력도 아무 소용이 없습니다. 문제 해결 능력은 많은 문제를 풀어 프로그램을 만들어 봄으로 해서 나만의 문제 해결 방법을 만들었을 때 갖추어 지는 것입니다. 따라서 프로그래밍을 배우고자 한다면 체계적이고 전문적인 학습을 해야 합니다. 그러면 누구나 프로그래밍을 할 수 있습니다.\n프로그래밍 언어나 프로그래밍을 배울 때는 C언어나 자바같은 프로그래밍 언어만 배우지 마시고, C언어나 자바로 하는 일인 프로그래밍을 먼저 공부하세요. 프로그래밍 언어만 배운 사람이면 프로그래밍 언어가 배우기 어렵다고 하고, 어려운 프로그래밍 언어를 한 권 내지 두 세권 책으로 공부를 마친 후에도 문제를 스스로 풀어 배운 프로그래밍 언어로 프로그램을 만들려고 하면 어디서 부터 시작하여 어떻게 해야 하는지가 막막하다고 합니다. \n왜 그럴까요? 프로그래밍 언어 책에 적힌 프로그램을 이해하기 위해서는 프로그래밍을 배워야 하는데 그렇지 않고 프로그래밍 언어를 배우고자 하기 때문입니다. 프로그래밍 자체는 어렵습니다. 프로그래밍은 문제를 풀어 컴퓨터가 처리하도록 하는 프로그램을 만드는 일이기 때문입니다.\n프로그래밍 언어 책에서는 문제를 풀어 프로그램을 만드는 것을 설명하지 않고, 문제를 풀어 해결책(알고리듬)을 만든 후에 컴퓨터가 처리하도록 하는 프로그램을 만들 때 프로그래밍 언어가 언제, 어떻게 적용되는지만을 설명합니다. 그래서 프로그래밍과 프로그래밍 언어를 재미있게 공부하고자 한다면 체계적이고 합리적인 학습을 해야 합니다.\n프로그래밍 언어를 배우기 전에 프로그래밍 언어로 하는 일인 프로그래밍을 먼저 공부하세요. 프로그래밍이 무엇인지, 어떻게 하는지, C언어같은 프로그래밍 언어가 언제, 어떻게 사용되는지 그리고 프로그램이 어떻게 작동하는지를 공부하세요. 또한 이러한 개념과 원리를 바탕으로 문제를 풀어 프로그램을 만드는 절차를 배우세요. 이러한 내용을 배우고자 하면, 다음 책들을 참고해 보세요.\n책들은 ""이렇게 하면 나도 프로그램을 잘 만들 수 있다(나프잘)"" 시리즈입니다.\n이렇게 프로그래밍을 이해했다면, 프로그래밍 언어를 배우세요. 무작정 프로그래밍 언어 책을 사고 동영상강의를 보면서 책에 적혀 있는 프로그램을 아무 생각없이 입력해서 실행시켜 보고 머리를 끄덕이고 외우는 방식보다 쉽게 재미있게 프로그래밍 언어를 배울 수 있습니다. 왜냐하면 왜 프로그래밍 언어를 배워야 하는지를 명확하게 이해했고, 프로그래밍 언어 책에 나온 프로그램이 어떻게 작성되었는지를 이해할 수 있고, 마지막으로 프로그래밍 언어 책에 제시되는 문제를 풀어 프로그램을 만들 수 있기 때문입니다.\nC언어를 공부하고자 한다면 다음 책을 참고해 보세요.\n책은 ""C를 배우면 함수를 잘 만들어야 한다""입니다.\n문법만 설명하는 것이 아니라 문제를 풀어 프로그램을 만들 때 C언어가 언제, 어떻게 적용되는지를 설명합니다. 특히 책의 처음부터 끝까지 C언어를 배우면 반드시 만들 수 있어야 하는 함수를 만들어서 사용하는 방법을 설명합니다.\n네이버 카페 ""프로그래밍을 배우자""에서 게시글과 동영상강의로 프로그래밍이 무엇인지, 어떻게 하는 것인지 그리고 C언어나 JAVA언어가 언제, 어떻게 사용되는지를 확인해 보세요. 그리고 프로그래밍과 C언어나 JAVA언어를 어떻게 배워야 할지를 생각해 보고 시작하세요. 그래서 시행착오를 줄이세요.\n독학을 하신다면 책을 읽는 방법을 바꾸세요. 책을 볼 때 바로 정독을 하지 마시고, 빠른 속도로 전체 내용을 훓어 보는 방식으로 여러 번 보고, 정독을 하십시오. 왜냐하면 모든 내용은 질문자 님에게 새로운 내용입니다. 따라서 어려울 수 밖에 없습니다. 그래서 최소한 책에 어떠한 내용이 담겨 있는지와 자주 사용되는 용어(혹은 개념)에는 익숙해야 정독을 할 수 있지 않습니까? 책의 줄거리나 용어에 익숙하기 위해서 빠른 속도로 전체 내용을 훑어 보는 방식으로 먼저 읽어 보시라고 권하는 것입니다.\n좋지 않은 프로그래밍 공부 방법이지만, C언어나 자바의 문법만 배우고자 한다면, 책을 훑어보기로 처음부터 끝까지 빠르게 3-4회 읽어 어떠한 내용인지, 자주 사용되는 용어들에 익숙해 지도록 하세요. 내용이 파악되고, 용어들에 익숙해지면, 처음부터 책에 실린 코드도 컴퓨터에 입력해 보면서, 컴퓨터가 없으면 공책에 적어 보면서 어떠한 문법이 언제, 어떻게 사용되는지를 외우세요. 이때는 ""왜 이렇게 할까"", ""어떻게 작동할까""라는 생각들은 하지 마시고, 외우세요.', '안녕하세요! IT 진학, 진로 전문 상담 도원썜입니다~:)\nc언어에 대해 말씀을 드리면,\nC언어는 다른 언어들이 개발되는데 기반이 되어\n언어들중 가장 오래되었고\n사용시 반응속도는 빠른편입니다.\nC++, C#등의 언어들은 C언어의 확장형입니다.\n금융권, AI, VR 등 모든 파트에서 쓰이고 있습니다.\n프로그래밍 언어를배우실 예정이시잖아요\n그러면 파이썬부터 시작해서\nC언어를 배우면 좋아요.\n독학으로 하실 생각이신가요?\n독학은 전공생들도 책으로 잘 안해요\n참고자료정도이죠\n학원을 다니면서 하시는분들이 있어요.\n최소 인강으로해서 듣는데요\nhttps://it24.edueroom.co.kr/\nKG에듀원 이룸\nKG에듀원 이룸에서는 온라인을 통한 IT, 인테리어, 자격증과정 등을 효율적으로 학습 할 수 있는 교육 과정을 만들었습니다.\nit24.edueroom.co.kr\nIT관련 진학, 진로 관련으로\n개인의 상황에 맞추어 상담을\n도와드리고 있어요.\n또 궁금한점 있으시면\n문의는 이쪽으로 주세요!\nhttps://open.kakao.com/o/snmhTwoc\nIT진학, 진로 상담 도원썜입니다\n#4차산업혁명 #IT직업 #IT교육 #IT고등학교 #SW전형 #웹개발 #앱개발 #정보보안 #클라우드 #빅데이터\nopen.kakao.com\nIT관련 진학 진로등의 정보를 얻을수있는\n카페에요 확인해보세요\nhttps://cafe.naver.com/ithackingschool\n*해커School* IT분야 진로,진... : 네이버 카페\n정보보안전문가,화이트해커 진로/진학 관련 카페기초 공부법부터 sw특기자전형(대학진학),자격증취득까지\ncafe.naver.com', '만나서 반갑습니다.\n저는 ITBANK 6년차 근무하고 있는 교육팀장입니다\n궁금해 하시는 IT분야 관련 취업 공부방법에 대해서 설명 드리겠습니다.\n일단 질문자님 나이나 상황 그리고 공부하려는 목적 등등\n아는 부분이 없어 정확한 답변이 힘듭니다. 이해해주세요 ㅠㅠ\n전공자로 추측이 됩니다.\n그렇다면 분명 이분야로 취업까지 희망하는 분일텐데 \n지금 이대로 방치했다가는 다음학기는 더 힘들어지고 결국 포기하게 됩니다.\n기술직입니다. 책으로 공부하는 직무가 아닙니다.\n그리고 유투브 등 그런 인강으로는 피드백이 전혀 안되기 때문에 \n2주못가 포기합니다.\n사실 어떤 학과에서든지 C언어를 배우는 학과들은 배우는 내용이 일치 합니다.\n그만큼 문법에 대한 내용을 배우기 때문에 그 안에 들어가는 내용이 같은거죠.\n영어를 예로 들어보면 영어를 가르치는 내용은 어딜 가나 같습니다. 특히나 응용면에서는 다를 수 있어도 문법적인 부분에서는 어딜 가도 같은 내용을 가르친다는 얘기가 되죠.\n마찬가지로 C언어도 시스템을 설계하거나 제어할 수 있는 언어를 말 합니다.\n그렇기 때문에 IT관련학과에서 배우는 C언어는 어느 학교든지 같은 내용을 배우게\n되는 것입니다.\n배우는 방식이나 유형도 비슷하다고 보면 됩니다.\n문제는 문법을 알고 나서부터죠.\n문법을 알았다면 그때부터는 말을 해봐야 합니다.\n그래야 자신이 하는 말이 적절하게 표현이 되었는지를 판단 할 수 있죠.\n다시 말해 C언어의 문법을 배웠다면 배운 문법을 가지고 응용을 하는 연습도 필요하지만\n이미 만들어져 있는 시스템 체계에 대해 이해하고 학습하며 어떻게 해서 이런 결과가\n나왔는지를\n연구해야 한다는 것입니다.\n다시 말 하면 한글을 배웠다면 말을 해보는것도 중요하지만 남들이 쓴 책을 읽어 보며 이 책들이 어떤 의미를 가지고 있고 어떤 메시지를 전달 하고자 하는지 파악 하는 연습이\n필요하다는 것이죠.\n그렇게 된다면 책을 많이 읽어서 지식과 경험이 쌓이게 되고, 그로 인해 말을 잘 하는 사람 말을 잘 알아듣는 사람 언어를 잘 구사할 수 있는 사람이 되는 것입니다.\n결론적으로 C언어를 배우기 위한 이유는 현재 구성되어 있는 수많은 시스템들이 어떤 유형으로\n되어 있는지를 살펴보는 것이고 그걸 통해 깨닫는 것이 생긴다면 새로운 기술 개발에\n도전하거나\n이미 사용하고 있는 부분을 개선하고 보완해주는 것이 목적이라고 보면 됩니다.\n지금까지 6년가량 C언어로 고민하는 대학 전공자 학생들을 많이 만나봤습니다.\n제가 항상 하는 질문이 C언어를 배워야 하는 이유가 뭔가요?\n라고 묻는데 거의 모든 학생들이 왜 배워야 하는지 이유를 모르고 기초니깐 배워야 한다거나\n어려우니깐 배워야 한다고 답을 합니다.\n저는 제가 이쪽 분야에서 오래 근무한 경험이 있는 만큼 질문자님에게 의미부터 자세하게 알려 드리고 왜 C언어를 배워야 하고 배운다면 어떤 방법과 어떤 계획으로\n준비 해야 하는지 자세히 알려드리고\n싶네요.\n더 나아가서는 이왕 도움 받으시는거 앞으로 진로적인 문제도 같이 해결 해보시는게 좋겠네요.\nC언어를 잘 한다고 진로나 취업 문제가 해결 되는건 아니니까요.\n질문자님이 C언어가 어렵고 힘들고 짜증나고 어떻게 하면 더 잘 할 수 있을까를 생각하고 고민 하는 학생이라면 이번기회를 통해 제대로 알아보기 바랍니다.\n공부에는 시기가 있는 법인데 지금 시기를 놓친다면 나중에 후회는 물론이고 기회를 잃어버리기 때문에 해야 할 것들이 더 많아지고 그만큼 힘들어 집니다. 지금을 기회라고 생각 하라는 겁니다.^^\n그리고 나서 학원을 다니던 독학을 하던 결정 하기를 권장합니다.\n왜 해야 하는지도 모르는 상태에서 목적도 없이 무언가를 결정 한다는건 모순인거 같습니다.\nC언어 학원을 다니던 독학을 하던 결정은 질문자님이 해야 하는 겁니다.\n하지만 섣부른 판단이 되지 않게 하기 위해서는 우선적으로 질문자님에 대해 돌아보고 판단\n할 수 있는 진단이 필요하고 심지어 이 분야에 대한 적성이 맞는지도 살펴봐야 할 것 같습니다.\n너무 고민만 하지 마시고 이번 기회를 다시 한번 잘 살려 보세요.\n질문자님이 좀더 자세한 정보와 도움을 원하고 위에서 얘기 한 바와 같이 자신에 대해 진단이\n필요하고 자신에게 가장 알맞은 공부 방법과 계획에 대해 알고 싶다면 번거롭더라도 카톡친추\n하시고 정확하게 도움 받아 보시는게 좋을거 같습니다.\n지금 질문자님에게 가장 필요한건 질문자님의 상황에 맞는 최적화된 공부방법과\n세부적인 취업진로에 대한 컨설팅이 반드시 필요합니다.\nIT관련 취업과진로에 대한상담이나 공부법 자세한상담 받아보고 싶으시면\nhttps://open.kakao.com/o/s43Ywex 참고하셔서 질문해 주시기를 바랍니다.\nIT 전문 컨설턴트 건웅쌤\n안녕하세요~! IT 전문 컨설턴트 건웅쌤입니다. IT 프로그래밍, 정보보안, SW 특기자 전형, 대입대비, 고등학교 입시, 서버/시스템, 네트워크, C언어, 파이썬, 자바 등등 다양한 IT 커리큘럼을 상담해드립니다. 전화문의 : 02-3676-3941 카톡 : terry9878\nnaver.me', ""공부는 열심히 하면 안되는거 없습니다.\n학교 시험의 기본은 교과서와 수업시간에 선생님께서 나눠주신 유인물이나 칠판에 판서해주신내용들이죠. \n아래 말씀드린대로 지금부터 잘 준비해나가면 원하는 결과 얻으실 수 있어요\n국어: 전 국어문제집 따로 안 풀었어요. 국어 내신은 오직 교과서+프린트물로 공부했어요. \n글씨가 안 보일정도로 반복하고 반복하고 반복했어요. 그리고 국어는 무엇보다 학습활동이 중요한 과목이니까 잘 보시고 국어는 선생님 말씀을 놓치면 안되는 과목 중 하나에요! 선생님말씀 다 받아 적고 문법은 달달 외우시는 수 밖에는 없어요 국어도 어떻게보면 암기과목이죠! 고1 선행공부는 윤혜정 선생님 <나비효과 입문-개념의 나비효과> 커리 타시거나 문제집 <예비매삼문->예비 매삼비> 강추 드립니다\n영어: 학교에서 사용하는 교과서 출판사의 자습서나 평가문제집을 구매하세요!\n중학생 그리고 예비고1까지는 문법, 독해, LC 준비를 하셔야 합니다.\n문법- 브릭스, 그래머존, 3800제 +ebs 문법 인강 (ebs! 로즈리 그래머홀릭 추천!)\n독해를 어려워하시면 리더스뱅크-리딩튜터 단계별로 있으니 추천합니다.\n독해를 잘하시면 천일문3.0 basic, 빠른독해 바른독해, 자이스토리 \n듣기는 실수없이 다 맞아야 하는데 듣기나 회화는 많이 듣는 게 중요합니다.\n모르는 어휘와 표현을 표시하고 따라 읽고, 연음처리는 한글로 표기하여 익혀두는게 좋아요.\n듣기는 마더텅 보세요. 속도가 조금 빠르기 때문에 영어 듣기평가에 도움됩니다.\n그리고 나서 EBS Listening Power 고교영어듣기 기본편 모의고사 30회 보세요!!! 좋아요.\n영어는 단어가 젤 중요한데 영포자 1등급만들기 중학영단어와 수능영단어 정말 좋아요!! 기림출판사에서 나온 파랑 노랑표지 단어집인데 내신단어 완벽수록+ 한글독음+ 그림스팰링+ 파생어+ 회화기출문장로 시중 교재중 구성이 최고!!\n요즘 특목고 준비생과 상위권들이 가장 많이 교재인데 내용이 쉽고 잘외워지기 때문에 영어는 반에서 1등할 수 있습니다. \nhttps://blog.naver.com/p1636417/221726081989\n블로그에 공부한 후기 리얼하게 나와있어 가져왔습니다.\n수학: 많은 문제들을 만나보고 어떤 유형들이 있는지 파악 하는게 중요해요. 선생님들께서 대부분 교과서를 변형해 문제를 출제하시는 경우가 많기 때문에 일단 교과서에 나오는 문제들 먼저 완벽하게 풀 수 있게끔 하는 게 좋고 손으로 직접 푸셔야 합니다. 보조교재가 필요하다면 기본개념서를 사서 문제푸는 연습을 하는게 좋습니다. 문제집을 고른다 하면 자신이 풀고 싶게 생긴 책을 사용 하는게 좋아요. 문제를 풀어서 한권을 끝내는게 좋으니까요. (인강은 차길영이나 ebs tv)\n개념 - 개념원리, 라이트쎈 등등\n유형 - 쎈, 최상위라이트 등등\n심화 - 최고득점, 일품, 블랙라벨>에이급수학>일등급>최상위\n공부순서는 수학 잘하시면 쎈->최상위라이트->심화문제집 순서,\n보통이시면 개념원리->쎈->최상위라이트 또는 심화문제집 순서,\n잘못하시면 개념원리->라이트쎈 등 쉬운개념서->쎈 의 순서로 추천드립니다.\n직접 서점 가서 보시는게 좋아요.\n고등 수학선행은 개념서 풍산자, 개념원리, 바이블에서 택하시고 이후 유형해결의 법칙이 순서이며 인강은 ebsi 정승제 선생님 (50일 수학) 강추합니다\n과학: 오투나 우공비가 좋아요! 개념설명이 자세하게 나와있습니다! 과학은 좀 어려우니까 \n우공비문제집을 구입하셔서 강남구청인터넷강의 사이트에 회원가입하셔서 마진호선생님의 강의를 들으시면 됩니다.\n고1 통합과학공부는 ebsi 장풍선생님, 이광조 선생님 강의 탁월하시니 추천드리며 교재는 내신은 완자하시면 됩니다 \n사회: 사회는 한끝이 가장 좋아요! 사회는 자습서보다는 문제집이 좋아요! 학교에서 프린트로 수업하시는 선생님이 많으시거든요!\n고등 통합사회 선행은 내신은 하이탑으로 하시고 문제풀이는 내공의 힘이 좋으며 인강은 무료 ebsi 이진웅, 임원택 선생님 잘 가르치십니다\n역사: 그림 부분이나 옆에 조그만한 글씨로 개념 적혀있는것까지 다 공부하세요 일단 기본적으로 노트정리를 하고 외우는게 중요한 암기과목입니다.\n공부는 제일 중요한게 많이 보고 암기하는 거에요\n문제집은 한끝이 설명 잘되어 있어 공부에 도움되고요\n도덕: 도덕은 다른 과목에 비해 보기가 정말 애매하죠..\n이게 답인 것 같기도 하고 저게 답인 것 같기도 하고... 그야말로 말장난인 경우가 많습니다.\n단어만 약간 다르게 하거나 '~이다''~아니다'를 교묘하게 바꿔 놓죠.\n그렇기 때문에, 정독을 할 때, 정말로 세세하게 읽어야 합니다.\n별로 중요하지 않을 것 같은 내용에서 선생님들은 한 두 문제를 꼭 내기 마련이죠.\n즉, 시험 범위라고 해서 처음부터 끝까지 정독을 하는 것이 아니라, 단원별로 정독을 하는 것이지요. 한 단원에도 여러 개의 주제가 나뉘어 있을 테죠. 그것도 마찬가지로 각 주제별로 정독을 하세요. 그런 후에, 전체 내용을 정리해 보도록 합니다.\n제가 말씀드린 대로만 하시면 좋은 대학도 가실 거에요.^^"", 'C언어 공부하시면서 알아둘 것들 정리해봤는데 아래 블로그 한번 참고해보시고 지금 학생이신건가요 아니면 취업준비생이나 재직 중이신가요?\n컴공과 학생들이 C언어 공부하며 알아야할 것들\n하잇 여러분 은챕터 쌤이에요!컴공과 학생들 혹은IT 관련 전공생들이 3학년 때쯤 배우게 되는 C언어!...\nblog.naver.com\n궁금하신 점은 아래 오픈채팅으로 카톡 남겨주세요!!\n지금 안 물어보면 까먹을테니 생각날 때 물어보세요!\n#IT #인테리어 #대학진학 #학점은행제 #국비지원 #진로고민 #진로 #중학생 #고등학생 #대학생 #취준생 #KG아이티뱅크 #KG인테리어뱅크\nopen.kakao.com', '프로그래밍 언어 공부는 현재 공부를 하고 있는 친구들도 많이 어려워하는 부분 중에 하나이기 때문에\n인강을 병행하시거나 오프라인으로 직접 코드를 짜기도 하는 공부를 해보시는게 좋습니다.\nIT는 실무능력이 제일 중요하거든요.\nC언어 공부를 하시는 목적은 잘 모르겠으나, 이왕 하시는거 제대로 배우시는게 좋잖아요.ㅎㅎ\n아래 괜찮은 인강 사이트 올려드리니 참고해보세요.\nhttps://haena.edueroom.co.kr/lecture.php?action=view&no=181\nKG에듀원 이룸\nC언어를 이용하여 컴퓨터의 원리와 프로그램의 동작원리를 이해할 수 있습니다. 학습자료 PPT자료, 텍스트 필기 자료( ※ 자료는 수강 시 영상 플레이어에서 다운받을 수 있습니다. ) 실습프로그램 유형 실습프로그램 다운로드경로 상세경로 프로그램 설치관련 영상 웹 프로그램 Visual S\nhaena.edueroom.co.kr\nIT공부는 질문자님의 목적과 상황에 맞춰 필요한 부분들을 캐치해 채우면서 좀 더 체계적으로 해나아가시는게 중요합니다. 맞춤 교육과정, 공부방법, 인강 수강문의, 자격증 등으로 더 궁금하신 점이 있으시다면 아래 카톡으로 언제든지 편하게 물어보세요.ㅎㅎ\n감사합니다.\nhttps://open.kakao.com/o/sP8yTW8b\nKG아이티뱅크 상담\n#IT#KG아이티뱅크#네트워크#서버#웹개발#앱개발#정보보안#해커#빅데이터#데이터베이스#코딩#취업#진로#진학#자격증#소프트웨어#프로그래머\nopen.kakao.com', '안녕하세요. it 진학/취업 컨설턴트입니다!\nc언어를 공부하고자하시는데 프로그래밍공부가 처음이신가요??\nc언어는 기계어와 비슷하기때문에 프로그래밍입문으로 적합하지않아요. \n파이썬을 배우는걸 권장드립니다!\n추가적으로 it공부, 취업에 대한 정보를 얻고싶으시면 \n아래 오픈카톡을 눌러주세요!\nhttp://open.kakao.com/o/sKcL4hF\nIT관련 진학, 취업 상담신청 (성함, 나이, 연락처)\n#it진학 #it취업 #it전문교육기관 #국비지원 #학점은행제 #정보보안전문가#프로그래머 #네트워크엔지니어 #정보보안학과 #컴퓨터공학 #특기병\nopen.kakao.com']",10,https://kin.naver.com/qna/detail.naver?d1id=1&dirId=1040101&docId=365434482&qb=67Cx7Iug&enc=utf8&section=kin&rank=44&search_sort=3&spq=0,"C, C++"
